2996.39175, 1845.4979500000002, 123.78497
2996.4330999999997, 1845.54788, 123.76684
2996.47542, 1845.6113400000002, 123.74629999999999
2996.51765, 1845.68705, 123.72289
2996.55952, 1845.7698400000002, 123.69530000000002
2996.59854, 1845.85206, 123.66223
2996.62757, 1845.92658, 123.62456
2996.6377999999995, 1845.9887300000003, 123.58667999999997
2996.62545, 1846.0360399999997, 123.55598
2996.5970899999998, 1846.0702599999997, 123.53817999999998
2996.563, 1846.09683, 123.53407000000001
2996.5293100000004, 1846.12373, 123.53776999999998
2996.495, 1846.15674, 123.53946
2996.45616, 1846.1957699999998, 123.53056000000001
2996.41194, 1846.2356599999998, 123.50848
2996.36613, 1846.2699, 123.47752
2996.3243700000003, 1846.29424, 123.44573
2996.2915000000003, 1846.30762, 123.41987999999999
2996.27039, 1846.3114600000001, 123.40222999999999
2996.2614999999996, 1846.30926, 123.39114
2996.26239, 1846.30552, 123.38346999999999
2996.26873, 1846.3033200000002, 123.37656999999999
2996.2765200000003, 1846.3021399999998, 123.36931
2996.28399, 1846.2982800000002, 123.36200999999998
2996.29088, 1846.28704, 123.35616
2996.29781, 1846.2655399999999, 123.35376999999998
2996.30659, 1846.2339500000003, 123.356
2996.32038, 1846.1951400000003, 123.36245
2996.3411, 1846.15344, 123.37131
2996.36662, 1846.11266, 123.38025999999999
2996.3913799999996, 1846.0750500000001, 123.38732999999999
2996.4113700000003, 1846.0426, 123.3907
2996.4275500000003, 1846.0181100000002, 123.38915999999999
2996.44562, 1846.00562, 123.38235
2996.4730299999997, 1846.00799, 123.37288000000001
2996.5145700000003, 1846.0248100000001, 123.36778999999999
2996.57011, 1846.0525200000004, 123.37657999999999
2996.63255, 1846.08534, 123.40432000000001
2996.69033, 1846.11636, 123.44543000000002
2996.7327699999996, 1846.1390500000002, 123.48581999999999
2996.7542000000003, 1846.1496600000003, 123.51298
2996.7538400000003, 1846.1495700000003, 123.52514000000001
2996.7339299999994, 1846.1453900000001, 123.53179
2996.70075, 1846.14712, 123.54637
2996.6681399999998, 1846.1660100000001, 123.57672
2996.65883, 1846.2137699999998, 123.61863000000001
2996.69494, 1846.2993999999999, 123.65679
2996.78741, 1846.4265599999999, 123.67063
2996.9340899999997, 1846.59142, 123.64475
2997.1285400000006, 1846.7793699999997, 123.57787
2997.37037, 1846.96767, 123.48770999999999
2997.66342, 1847.1353799999997, 123.40456000000002
2998.00592, 1847.2780500000001, 123.35467000000001
2998.38756, 1847.41266, 123.34490000000001
2998.7984000000006, 1847.5667600000004, 123.36189999999999
2999.2354499999997, 1847.7637900000002, 123.38373999999999
2999.701409999999, 1848.01644, 123.38942
3000.20309, 1848.3285700000001, 123.36269999999999
3000.7523899999997, 1848.69486, 123.29557
3001.36642, 1849.09889, 123.19359
3002.06031, 1849.51456, 123.07527999999999
3002.8403200000002, 1849.9180000000001, 122.96099
3003.70592, 1850.30122, 122.86159
3004.65641, 1850.6736799999999, 122.77687
3005.69462, 1851.04877, 122.70289
3006.82728, 1851.42555, 122.63857
3008.06427, 1851.78321, 122.58707999999999
3009.4194800000005, 1852.0876700000001, 122.55306
3010.9097300000003, 1852.3016899999998, 122.53867
3012.55013, 1852.3929400000002, 122.54162000000001
3014.34443, 1852.33838, 122.55490999999999
3016.27607, 1852.1278699999998, 122.56943000000001
3018.30562, 1851.7634000000003, 122.57770000000001
3020.3784, 1851.25351, 122.57673
3022.43794, 1850.6047899999999, 122.56866
3024.43732, 1849.81552, 122.55914
3026.34284, 1848.8734800000002, 122.55505000000001
3028.1301099999996, 1847.7614500000004, 122.56259
3029.77818, 1846.46724, 122.58585999999998
3031.2670100000005, 1844.9914400000002, 122.62609
3032.5765100000003, 1843.3486600000003, 122.68162
3033.68616, 1841.5621299999998, 122.74905999999999
3034.57383, 1839.65781, 122.82419
3035.21789, 1837.6617899999997, 122.90282000000002
3035.60084, 1835.6021, 122.98112999999998
3035.71244, 1833.5112400000003, 123.05604999999998
3035.5500199999997, 1831.4262299999998, 123.12570000000001
3035.11944, 1829.3838, 123.18986
3034.4381000000003, 1827.4126900000003, 123.24977999999999
3033.53631, 1825.5288099999998, 123.30756
3032.45116, 1823.73622, 123.36567
3031.2156099999997, 1822.03355, 123.42728
3029.8506399999997, 1820.4218099999998, 123.49652999999998
3028.3660000000004, 1818.90992, 123.57788999999998
3026.76633, 1817.51665, 123.67439999999999
3025.0591600000002, 1816.2687600000002, 123.78644999999999
3023.2604599999995, 1815.19503, 123.91226999999999
3021.39656, 1814.3185999999998, 124.04882
3019.49879, 1813.6530599999999, 124.1923
3017.5934500000003, 1813.2031299999999, 124.33860999999999
3015.6941300000003, 1812.9671599999997, 124.48406
3013.8043100000004, 1812.9375, 124.62650999999998
3011.9254300000002, 1813.1009000000001, 124.76517000000001
3010.06201, 1813.4412499999999, 124.89976999999999
3008.21985, 1813.9431399999999, 125.02892999999999
3006.40049, 1814.5947, 125.15007
3004.6002099999996, 1815.3881099999999, 125.26022
3002.81592, 1816.31871, 125.35688
3001.0537400000003, 1817.3822400000001, 125.43871999999999
2999.3321100000003, 1818.5725699999998, 125.50657999999999
2997.6767, 1819.8811299999998, 125.56495
2996.11186, 1821.29812, 125.62124000000001
2994.65763, 1822.8134699999998, 125.68262000000001
2993.33193, 1824.4162699999997, 125.75202000000002
2992.15293, 1826.0946800000002, 125.82715
2991.13632, 1827.83632, 125.90262
2990.2892399999996, 1829.6295599999999, 125.97380000000001
2989.6065900000003, 1831.46381, 126.03926999999999
2989.07289, 1833.32911, 126.1018
2988.66821, 1835.2152999999998, 126.16641999999999
2988.37413, 1837.11177, 126.23735000000002
2988.1775000000002, 1839.00821, 126.31598999999999
2988.07253, 1840.89529, 126.40133
2988.0596400000004, 1842.7649099999999, 126.4924
2988.14156, 1844.60945, 126.58968999999999
2988.31861, 1846.42013, 126.69510999999997
2988.5872900000004, 1848.1861099999999, 126.81086
2988.9428, 1849.89568, 126.93869
2989.38249, 1851.5384199999996, 127.07930999999999
2989.9075900000003, 1853.1068899999998, 127.23227999999999
2990.5224800000005, 1854.59605, 127.39616000000001
2991.23182, 1856.0021500000003, 127.56895
2992.03928, 1857.32045, 127.74826
2992.9473700000003, 1858.5437100000004, 127.93088000000003
2993.96009, 1859.65975, 128.11353000000003
2995.08563, 1860.6512000000002, 128.29422
2996.3356599999997, 1861.49807, 128.47184
2997.71986, 1862.18234, 128.64442
2999.23871, 1862.6936600000001, 128.8074
3000.88037, 1863.03108, 128.95480999999998
3002.62457, 1863.2008600000001, 129.0818
3004.44904, 1863.21153, 129.18625
3006.33489, 1863.0685700000001, 129.26827
3008.2670900000003, 1862.7715900000003, 129.32969
3010.2314300000007, 1862.31545, 129.3741
3012.21, 1861.6947999999998, 129.40637
3014.18026, 1860.9084500000001, 129.4306
3016.1183100000003, 1859.9608200000002, 129.44845
3018.00387, 1858.86004, 129.46038
3019.82214, 1857.6151300000001, 129.46902
3021.56116, 1856.2342299999996, 129.48105
3023.2074799999996, 1854.7227699999999, 129.50512999999998
3024.7435, 1853.0833699999998, 129.5472
3026.14849, 1851.3179200000002, 129.60741000000002
3027.40159, 1849.4286499999998, 129.67994
3028.4835300000004, 1847.4184799999996, 129.75554
3029.3757299999997, 1845.2904800000001, 129.8252
3030.05864, 1843.04905, 129.88255999999998
3030.5135999999998, 1840.7033099999996, 129.92515
3030.7282000000005, 1838.26973, 129.95465000000002
3030.7006499999998, 1835.77288, 129.97616
3030.44001, 1833.2420000000002, 129.99677000000003
3029.96299, 1830.7058500000003, 130.02284000000003
3029.2901100000004, 1828.1888800000002, 130.05812
3028.4426900000003, 1825.7114500000002, 130.10406
3027.43959, 1823.2909, 130.16106
3026.2951600000006, 1820.9414700000002, 130.22897
3025.01915, 1818.67358, 130.30579
3023.61911, 1816.4951400000002, 130.38628000000003
3022.101, 1814.4162200000003, 130.46236
3020.46847, 1812.45366, 130.52501
3018.72121, 1810.6330899999998, 130.56730999999996
3016.8552099999997, 1808.98636, 130.58593000000002
3014.86614, 1807.54745, 130.58108
3012.7539499999993, 1806.3500199999999, 130.55561000000003
3010.52691, 1805.4263999999998, 130.51425
3008.20415, 1804.8039700000002, 130.46313
3005.8149000000003, 1804.5002100000002, 130.40813000000003
3003.39731, 1804.51885, 130.35264999999998
3000.99182, 1804.8522900000003, 130.29671000000002
2998.63409, 1805.48629, 130.2389
2996.3508, 1806.3991300000002, 130.17864000000003
2994.16307, 1807.5582000000002, 130.11621
2992.0918300000003, 1808.92149, 130.05190999999996
2990.15795, 1810.4472999999998, 129.98626
2988.3772, 1812.1045599999998, 129.92181
2986.7576, 1813.87301, 129.86398
2985.3025900000002, 1815.7346300000002, 129.81960999999998
2984.0165499999994, 1817.66672, 129.79459000000003
2982.90508, 1819.64332, 129.79260000000002
2981.9708600000004, 1821.64113, 129.81482
2981.2096, 1823.64401, 129.85943000000003
2980.6121, 1825.64147, 129.92153000000002
2980.16773, 1827.6250000000005, 129.99485999999996
2979.86866, 1829.5861899999995, 130.07401
2979.71078, 1831.51654, 130.15491
2979.69388, 1833.4084200000002, 130.23358000000002
2979.81937, 1835.2543200000005, 130.30454
2980.088, 1837.0454300000001, 130.36183
2980.4984200000004, 1838.7717, 130.40127
2981.04667, 1840.42382, 130.42237
2981.7268599999998, 1841.9958600000002, 130.42741
2982.53199, 1843.4857699999998, 130.41812
2983.45492, 1844.8941300000001, 130.3935
2984.4886100000003, 1846.22271, 130.35195000000002
2985.62576, 1847.4742600000002, 130.29586
2986.8587299999995, 1848.6521799999998, 130.2322
2988.17963, 1849.7600599999998, 130.16860000000003
2989.58071, 1850.80129, 130.10867000000002
2991.0534300000004, 1851.77967, 130.05238000000003
2992.5896399999997, 1852.69969, 129.99969
2994.18262, 1853.56636, 129.95314000000002
2995.82688, 1854.3858200000002, 129.91785
2997.51646, 1855.1658799999998, 129.89936
2999.24251, 1855.9160299999999, 129.90146
3000.99276, 1856.6464399999998, 129.92412000000002
3002.75443, 1857.36623, 129.96296
3004.51822, 1858.0814000000003, 130.01118000000002
3006.28111, 1858.7938399999998, 130.0624
3008.0459699999997, 1859.5025899999996, 130.113
3009.8175300000003, 1860.2080300000002, 130.16163999999998
3011.59697, 1860.91613, 130.20773000000003
3013.37852, 1861.6395, 130.25049
3015.15037, 1862.3947699999997, 130.28904
3016.89822, 1863.19892, 130.32336000000004
3018.6091499999998, 1864.06653, 130.35464
3020.27294, 1865.00932, 130.38515999999998
3021.88085, 1866.03569, 130.41809000000003
3023.4229299999997, 1867.1509100000003, 130.45686000000003
3024.8864299999996, 1868.3574699999997, 130.50416
3026.2548999999995, 1869.65726, 130.56090999999998
3027.5083299999997, 1871.05377, 130.627
3028.6232600000003, 1872.5517, 130.70303
3029.57632, 1874.1525700000002, 130.79152
3030.34806, 1875.8493300000002, 130.89611
3030.92555, 1877.6248199999998, 131.0193
3031.30046, 1879.4549899999997, 131.16057
3031.46718, 1881.3130400000002, 131.31606
3031.42208, 1883.17255, 131.47953
3031.16251, 1885.0097600000001, 131.64383999999998
3030.68416, 1886.8051699999996, 131.80272
3029.98182, 1888.5421900000001, 131.95248
3029.0541600000006, 1890.20193, 132.09277999999998
3027.9113899999998, 1891.7603900000001, 132.22564
3026.57623, 1893.1912499999999, 132.35411
3025.07982, 1894.4747, 132.48121999999998
3023.45373, 1895.60523, 132.60954
3021.7234099999996, 1896.58933, 132.73997
3019.9030800000005, 1897.4332099999997, 132.86991
3017.99612, 1898.1307199999999, 132.99343000000002
3016.0008900000003, 1898.66153, 133.10442
3013.9192100000005, 1899.00156, 133.20012
3011.7600899999998, 1899.13308, 133.28225000000003
3009.53681, 1899.04634, 133.3546
3007.26355, 1898.7357499999998, 133.42041999999998
3004.95623, 1898.1996800000002, 133.48220999999998
3002.63254, 1897.4427700000003, 133.54284
3000.30973, 1896.47792, 133.60636000000002
2998.00085, 1895.32326, 133.67716000000001
2995.71436, 1893.9979200000002, 133.75799999999998
2993.45752, 1892.51977, 133.84887
2991.23871, 1890.90573, 133.94815
2989.06723, 1889.1726799999997, 134.05474999999998
2986.95148, 1887.3374799999997, 134.16964
2984.8964800000003, 1885.41523, 134.29479999999998
2982.90243, 1883.41811, 134.43154
2980.96554, 1881.3546900000001, 134.58017
2979.08061, 1879.2301600000003, 134.73991
2977.2454399999997, 1877.04649, 134.90839
2975.4634899999996, 1874.80301, 135.0811
2973.7439600000002, 1872.49743, 135.25199
2972.0995099999996, 1870.12711, 135.41504
2970.5422100000005, 1867.69025, 135.5651
2969.0815300000004, 1865.1873399999997, 135.69861
2967.72554, 1862.6209600000002, 135.81408000000002
2966.48492, 1859.9946599999998, 135.91142000000002
2965.3765, 1857.30969, 135.99016999999998
2964.42336, 1854.56238, 136.04711000000003
2963.6505399999996, 1851.7446400000001, 136.07675
2963.0790700000002, 1848.85014, 136.07333999999997
2962.71944, 1845.8810799999999, 136.03401
2962.57075, 1842.8512699999999, 135.95963
2962.62432, 1839.7815500000002, 135.85291
2962.87021, 1836.6937500000004, 135.71632999999997
2963.29968, 1833.6079300000001, 135.55232
2963.9063, 1830.5444499999999, 135.3658
2964.68829, 1827.5266300000003, 135.16484
2965.65186, 1824.58067, 134.95778
2966.8076499999997, 1821.73265, 134.75057
2968.16169, 1819.0049999999999, 134.54754
2969.7079999999996, 1816.41434, 134.35396
2971.43072, 1813.97343, 134.17568
2973.3111, 1811.69401, 134.0164
2975.33328, 1809.5900000000001, 133.87571
2977.4836299999997, 1807.6774, 133.75029999999998
2979.74861, 1805.97595, 133.63754999999998
2982.1129499999997, 1804.5101900000002, 133.53847000000002
2984.5600499999996, 1803.3101299999998, 133.45677
2987.0722199999996, 1802.4062900000001, 133.39511
2989.6289100000004, 1801.82153, 133.35143999999997
2992.20662, 1801.5626100000002, 133.31913000000003
2994.78107, 1801.6171800000004, 133.29144000000002
2997.3284699999995, 1801.9566300000001, 133.26542
2999.82304, 1802.5452, 133.24249
3002.23224, 1803.3503399999997, 133.22625
3004.5170900000003, 1804.34951, 133.22091
3006.64225, 1805.52693, 133.23048
3008.58917, 1806.86547, 133.25724
3010.36255, 1808.3383600000002, 133.3005
3011.98484, 1809.9119699999999, 133.35639
3013.48272, 1811.5557399999998, 133.41951
3014.87413, 1813.2511900000002, 133.48559
3016.16571, 1814.9930500000003, 133.55321
3017.3562899999997, 1816.78363, 133.62269999999998
3018.44232, 1818.6270500000003, 133.6929
3019.4195799999998, 1820.52648, 133.75777999999997
3020.2828299999996, 1822.4842, 133.80846
3021.02552, 1824.50245, 133.8392
3021.6412299999997, 1826.5841000000005, 133.85136999999997
3022.1269700000003, 1828.73154, 133.85183
3022.48701, 1830.94408, 133.84848
3022.73571, 1833.21719, 133.84732000000002
3022.8989300000003, 1835.54222, 133.85243
3023.01385, 1837.9057999999998, 133.86727
3023.12698, 1840.2880299999997, 133.89557
3023.28771, 1842.6640600000003, 133.94196000000002
3023.5379599999997, 1845.01106, 134.01162
3023.90419, 1847.31495, 134.10921000000002
3024.39681, 1849.5713899999998, 134.23642
3025.01416, 1851.78051, 134.38973000000001
3025.7477, 1853.9427199999998, 134.55957
3026.5858099999996, 1856.0580100000002, 134.73312
3027.51631, 1858.12772, 134.8997
3028.5288299999997, 1860.15461, 135.05514
3029.61563, 1862.1409600000002, 135.20116000000002
3030.7714800000003, 1864.08669, 135.34106000000003
3031.99298, 1865.9893100000002, 135.47619000000003
3033.27833, 1867.8465199999998, 135.60607
3034.6272, 1869.6578000000002, 135.73050999999998
3036.04111, 1871.42308, 135.85132
3037.52441, 1873.13878, 135.97179999999997
3039.08358, 1874.79549, 136.09457
3040.7252500000004, 1876.37912, 136.21953000000002
3042.45414, 1877.8724199999997, 136.34365
3044.27246, 1879.25598, 136.46341
3046.1825299999996, 1880.50559, 136.577
3048.19, 1881.5908200000001, 136.68447999999998
3050.3028, 1882.4796299999998, 136.78648
3052.52373, 1883.14991, 136.8834
3054.84109, 1883.60036, 136.97517
3057.22827, 1883.84624, 137.06144999999998
3059.6549099999997, 1883.9015100000001, 137.14212
3062.0991799999997, 1883.7659799999997, 137.21721999999997
3064.54882, 1883.4305200000003, 137.28742
3066.99281, 1882.89061, 137.35491
3069.41435, 1882.1500099999998, 137.42339
3071.7917700000003, 1881.2130399999999, 137.49699
3074.1035600000005, 1880.07767, 137.57783
3076.33059, 1878.7394800000002, 137.66338000000002
3078.4551, 1877.19751, 137.74699
3080.45793, 1875.4556799999998, 137.82153999999997
3082.31752, 1873.51927, 137.8835
3084.0111399999996, 1871.3926999999999, 137.93382
3085.5181000000002, 1869.083, 137.97535
3086.82255, 1866.6035799999997, 138.00986
3087.91468, 1863.97458, 138.03807999999998
3088.7910199999997, 1861.2190499999997, 138.06104
3089.4525999999996, 1858.3595400000002, 138.08041999999998
3089.90132, 1855.4175499999997, 138.09764
3090.13679, 1852.41449, 138.11267999999998
3090.1555099999996, 1849.3714200000002, 138.12439
3089.9531099999995, 1846.30811, 138.13107
3089.5270800000003, 1843.2426799999998, 138.13103999999998
3088.87662, 1840.1918, 138.12291
3088.00265, 1837.17205, 138.10628000000003
3086.9092600000004, 1834.2013200000001, 138.08162
3085.60529, 1831.29884, 138.04916
3084.1041299999997, 1828.48315, 138.00824
3082.42171, 1825.76947, 137.95792
3080.57521, 1823.1679500000002, 137.89723
3078.5814600000003, 1820.6851700000002, 137.82487
3076.45456, 1818.3276600000002, 137.73874999999998
3074.20282, 1816.1051199999997, 137.63757
3071.8301199999996, 1814.0299, 137.52272
3069.3402600000004, 1812.11336, 137.39871
3066.7408299999997, 1810.36279, 137.27181000000002
3064.0430599999995, 1808.7828800000002, 137.14940000000004
3061.2594, 1807.37905, 137.03998999999996
3058.4028699999994, 1806.15822, 136.95332000000002
3055.4885, 1805.12553, 136.89749
3052.5343499999994, 1804.2803200000003, 136.87600999999998
3049.5607100000007, 1803.6152399999999, 136.8868
3046.58769, 1803.1188199999997, 136.92356999999998
3043.63267, 1802.77824, 136.97788
3040.70895, 1802.58138, 137.0401
3037.82557, 1802.5174000000002, 137.10017
3034.98817, 1802.5778500000001, 137.14916
3032.19989, 1802.75704, 137.18125
3029.4620499999996, 1803.05249, 137.19455
3026.7751500000004, 1803.4643200000003, 137.19025
3024.14047, 1803.99458, 137.17150999999998
3021.56093, 1804.64538, 137.14195999999998
3019.04061, 1805.4173500000002, 137.10532
3016.5837299999994, 1806.30974, 137.06549
3014.19496, 1807.32202, 137.02748
3011.88051, 1808.4550299999999, 136.9975
3009.6485500000003, 1809.70962, 136.98181
3007.50734, 1811.08312, 136.98442
3005.46269, 1812.5663800000002, 137.00528
3003.51607, 1814.1437299999998, 137.04053
3001.6647199999998, 1815.7955900000002, 137.08364
2999.90311, 1817.5028399999999, 137.12736
2998.2254799999996, 1819.2505500000002, 137.16554000000002
2996.62759, 1821.02967, 137.19378
2995.1083, 1822.83751, 137.20957
2993.6702799999994, 1824.67648, 137.21124
2992.32029, 1826.5521899999999, 137.19751
2991.0683000000004, 1828.4706899999996, 137.168
2989.9263499999997, 1830.4358800000002, 137.12362000000002
2988.90764, 1832.4495099999997, 137.06685
2988.0269900000003, 1834.5135200000004, 137.00068
2987.30334, 1836.6322100000002, 136.92816999999997
2986.7619299999997, 1838.81007, 136.85297999999997
2986.4333699999997, 1841.0475, 136.78053999999997
2986.34626, 1843.3357300000002, 136.71795000000003
2986.51667, 1845.6546999999998, 136.67212999999998
2986.94186, 1847.97521, 136.64789000000002
2987.6027200000003, 1850.2651600000002, 136.64715999999999
2988.4729500000003, 1852.49707, 136.66963
2989.5284699999997, 1854.65242, 136.71341999999999
2990.7520400000003, 1856.72035, 136.77537
2992.13114, 1858.6951000000001, 136.85188999999997
2993.65341, 1860.57462, 136.93995999999999
2995.30404, 1862.36089, 137.03737999999998
2997.0666499999998, 1864.0595799999996, 137.14192
2998.92638, 1865.67797, 137.2507
3000.8703800000003, 1867.2223600000002, 137.36063
3002.8865699999997, 1868.69611, 137.46944
3004.96385, 1870.09795, 137.57719
3007.0931899999996, 1871.4216200000003, 137.68665
3009.26862, 1872.65808, 137.8024
3011.48716, 1873.7983900000004, 137.92869000000002
3013.7471800000003, 1874.83448, 138.06769
3016.04683, 1875.7567900000001, 138.21887
3018.38341, 1876.5488799999998, 138.37953999999996
3020.7530099999994, 1877.18478, 138.54621
3023.15035, 1877.62788, 138.71591
3025.56744, 1877.83423, 138.88655
3027.9901499999996, 1877.75917, 139.05510999999998
3030.3967199999997, 1877.3676899999998, 139.21622
3032.75903, 1876.6422200000002, 139.36296000000002
3035.04729, 1875.5832999999998, 139.48992000000004
3037.2343200000005, 1874.20231, 139.59544
3039.29597, 1872.5155100000004, 139.68094000000002
3041.2083300000004, 1870.54441, 139.74836
3042.94653, 1868.32075, 139.79951
3044.48796, 1865.88859, 139.83469
3045.81869, 1863.2984700000002, 139.85214000000002
3046.9369400000005, 1860.5964399999998, 139.84812000000002
3047.85114, 1857.8165699999997, 139.81977999999998
3048.5750700000003, 1854.97967, 139.76889999999997
3049.1243299999996, 1852.09791, 139.70266999999998
3049.5143000000003, 1849.1804100000002, 139.63125
3049.75914, 1846.2368999999999, 139.56529
3049.86853, 1843.27931, 139.51564000000002
3049.8449700000006, 1840.3204300000002, 139.49212000000003
3049.6822899999997, 1837.3734699999998, 139.49975
3049.3683900000005, 1834.4528599999999, 139.536
3048.8894, 1831.5763300000003, 139.59164
3048.23292, 1828.76616, 139.65576
3047.38694, 1826.0483499999998, 139.71899
3046.3392099999996, 1823.45085, 139.7749
3045.0785, 1821.0018400000001, 139.81848
3043.59865, 1818.7285200000001, 139.84511999999998
3041.90076, 1816.6571799999997, 139.85130999999998
3039.99334, 1814.81329, 139.83613
3037.8899300000003, 1813.2233, 139.80189
3035.6068099999998, 1811.91558, 139.75311
3033.1591099999996, 1810.9185300000001, 139.69479
3030.55781, 1810.25272, 139.63138
3027.8133000000003, 1809.9231099999997, 139.56551
3024.9460800000006, 1809.91868, 139.49705999999998
3021.99533, 1810.2209599999999, 139.42295
3019.0128200000004, 1810.8091, 139.33954999999997
3016.04779, 1811.6584699999999, 139.24683
3013.1397000000006, 1812.73932, 139.1515
3010.32775, 1814.0237000000002, 139.06608
3007.6607900000004, 1815.49234, 139.00414
3005.19035, 1817.13337, 138.97569000000001
3002.9539899999995, 1818.93459, 138.98540999999997
3000.9648899999997, 1820.8807100000001, 139.03446
2999.2152400000004, 1822.9549299999999, 139.12182
2997.6837600000003, 1825.1398100000001, 139.24444
2996.34231, 1827.4157199999997, 139.39766
2995.16219, 1829.7604500000002, 139.57614999999998
2994.12194, 1832.15065, 139.77487000000002
2993.2110500000003, 1834.56411, 139.98881
2992.42281, 1836.9799699999999, 140.21197
2991.74397, 1839.38013, 140.43669
2991.14922, 1841.75142, 140.65476
2990.60466, 1844.0865400000002, 140.86052
2990.0723900000003, 1846.3816199999997, 141.05359
2989.5127199999997, 1848.63337, 141.23877
2988.88396, 1850.83566, 141.42269
2988.1430699999996, 1852.97765, 141.61018
2987.24915, 1855.04345, 141.80257999999998
2986.16763, 1857.0127099999997, 141.99818999999997
2984.8751599999996, 1858.8633599999998, 142.19270999999998
2983.3612100000005, 1860.5726200000001, 142.37877999999998
2981.6262200000006, 1862.11768, 142.54745000000003
2979.67879, 1863.47638, 142.69124
2977.5353800000003, 1864.63037, 142.80703999999997
2975.22077, 1865.5691700000002, 142.89631000000003
2972.76716, 1866.2911199999999, 142.96238
2970.20975, 1866.8000900000002, 143.00734000000003
2967.5807699999996, 1867.0998, 143.03162
2964.90535, 1867.1916599999997, 143.03598
2962.2010099999998, 1867.0763000000002, 143.0247
2959.47958, 1866.7556799999998, 143.00609
2956.75118, 1866.234, 142.99022
2954.02685, 1865.5166200000003, 142.98559999999998
2951.3208000000004, 1864.6099, 142.99765
2948.64992, 1863.5195800000001, 143.02955
2946.0328600000003, 1862.24938, 143.08304
2943.48739, 1860.8016200000002, 143.15819
2941.0297200000005, 1859.18104, 143.25270999999998
2938.6737000000003, 1857.3983200000002, 143.36299000000002
2936.43109, 1855.4688600000002, 143.48644999999996
2934.31172, 1853.4080600000002, 143.62145
2932.3233600000003, 1851.22788, 143.76568999999998
2930.47292, 1848.9365699999998, 143.91462
2928.7681000000002, 1846.5400999999997, 144.06209
2927.21984, 1844.0412499999998, 144.2012
2925.8432500000004, 1841.43927, 144.32442
2924.65576, 1838.73214, 144.42388999999997
2923.673, 1835.9225599999997, 144.49407000000002
2922.9048100000005, 1833.0218100000002, 144.53425000000001
2922.35347, 1830.04736, 144.54732
2922.0127, 1827.01205, 144.53568
2921.8673100000005, 1823.91541, 144.49796
2921.8856700000006, 1820.738, 144.42971
2922.00751, 1817.4390900000003, 144.32738
2922.1524799999997, 1813.96959, 144.19198
2909.424366666667, 1800.7315333333333, 143.62014444444446
2910.1584333333335, 1797.4547222222222, 143.42466666666667
2911.099511111111, 1794.2194777777777, 143.2221
2912.2521888888896, 1791.0477111111113, 143.01733333333334
2913.620066666667, 1787.9616666666668, 142.80686666666668
2915.2047, 1784.9832222222221, 142.58268888888887
2917.0044222222223, 1782.1338777777778, 142.33805555555557
2919.0146000000004, 1779.4360111111112, 142.07133333333334
2921.2280444444445, 1776.9140777777777, 141.78515555555555
2923.635822222222, 1774.594622222222, 141.48365555555557
2931.48424, 1776.5466199999998, 141.82395
2933.7838699999998, 1774.44784, 141.53746
2936.27514, 1772.63518, 141.25353
2938.92913, 1771.1013500000001, 140.98343
2941.7113799999997, 1769.83007, 140.73956
2944.5813599999997, 1768.79733, 140.53029
2947.50224, 1767.9783899999998, 140.35644000000002
2950.4470100000003, 1767.3526200000001, 140.21217000000001
2953.3963, 1766.90258, 140.08924
2956.33254, 1766.61393, 139.98116999999996
2959.2389200000002, 1766.47758, 139.88517
2962.09971, 1766.48884, 139.80177000000003
2964.9034600000005, 1766.6440599999999, 139.73293
2967.6449700000003, 1766.9374199999997, 139.68104
2970.3239799999997, 1767.3604199999997, 139.64974999999998
2972.94238, 1767.9069100000002, 139.64458
2975.50182, 1768.57699, 139.66926
2978.0055600000005, 1769.3803799999998, 139.71963
2980.46016, 1770.3353, 139.78263
2982.87581, 1771.46837, 139.84392
2985.25695, 1772.8038800000002, 139.89658
2987.58784, 1774.3425599999998, 139.94287999999997
2989.82704, 1776.04267, 139.98953
2991.92284, 1777.82651, 140.04359999999997
2993.84379, 1779.61411, 140.11150000000004
2995.59841, 1781.3572199999999, 140.19868
2997.22681, 1783.0463099999997, 140.30849
2998.77615, 1784.69316, 140.44048
3000.2829300000003, 1786.31139, 140.59041
3001.7704300000005, 1787.91023, 140.75000999999997
3003.25287, 1789.4952399999997, 140.90748000000002
3004.73935, 1791.0714899999998, 141.0494
3006.2323100000003, 1792.6418600000002, 141.16401
3007.72825, 1794.2072400000002, 141.24407
3009.21982, 1795.76708, 141.28799999999998
3010.7021400000003, 1797.32337, 141.2988
3012.1774700000005, 1798.88489, 141.28229
3013.65472, 1800.46983, 141.24478000000005
3015.1441800000002, 1802.1042500000003, 141.19145999999998
3016.6506999999997, 1803.81588, 141.12595
3018.1683000000003, 1805.62572, 141.05077
3019.6780999999996, 1807.54133, 140.96743999999995
3021.15136, 1809.556, 140.87574999999998
3022.5563700000002, 1811.65474, 140.77371
3023.8657300000004, 1813.8229999999999, 140.65905
3025.0580099999997, 1816.0521899999999, 140.53145999999998
3026.11562, 1818.3387900000002, 140.39326999999997
3027.02051, 1820.6790700000001, 140.2469
3027.7526500000004, 1823.0648, 140.09207
3028.29221, 1825.48421, 139.92591
3028.6237300000003, 1827.92648, 139.74539
3028.73959, 1830.38534, 139.55073000000002
3028.64223, 1832.8582600000002, 139.34569000000002
3028.34257, 1835.3429099999998, 139.13585
3027.8562699999998, 1837.8338199999998, 138.92607
3027.19784, 1840.32225, 138.72098
3026.3771100000004, 1842.797, 138.52615999999998
3025.3991499999997, 1845.24565, 138.34875000000002
3024.2679200000002, 1847.6553500000002, 138.19568999999998
3022.9891500000003, 1850.01428, 138.07155
3021.5733899999996, 1852.31417, 137.97811
3020.03719, 1854.55275, 137.91595
3018.4042999999997, 1856.73507, 137.88640999999998
3016.7055299999997, 1858.8724000000002, 137.89221
3014.97783, 1860.9796100000003, 137.93579999999997
3013.2628400000003, 1863.0711600000002, 138.01676
3011.6039600000004, 1865.1585, 138.13119
3010.0408800000005, 1867.2496399999995, 138.27519
3008.6025999999997, 1869.3504099999998, 138.44869
3007.30097, 1871.4652300000002, 138.65507
3006.1296599999996, 1873.59683, 138.89592
3005.0682399999996, 1875.7448499999998, 139.16492
3004.0890299999996, 1877.90498, 139.44707999999997
3003.16239, 1880.0692800000002, 139.72434000000004
3002.2597299999998, 1882.22811, 139.98357000000001
3001.35542, 1884.37199, 140.22071
3000.4286299999994, 1886.4929100000002, 140.43939000000003
2999.46279, 1888.58269, 140.64541
2998.44244, 1890.6312000000003, 140.84260999999998
2997.34906, 1892.6254200000003, 141.03275000000002
2996.15961, 1894.55076, 141.21688999999998
2994.849, 1896.3918399999998, 141.39674000000002
2993.39495, 1898.13239, 141.57328
2991.7802, 1899.7525099999998, 141.74592
2989.99237, 1901.2276400000003, 141.91333000000003
2988.02259, 1902.5267300000003, 142.07421999999997
2985.86587, 1903.61199, 142.22661
2983.52366, 1904.44273, 142.36634
2981.00679, 1904.98687, 142.48785
2978.33716, 1905.2340100000001, 142.58766
2975.5476800000006, 1905.2000400000002, 142.66704
2972.67771, 1904.91581, 142.73107
2969.7668999999996, 1904.4094499999999, 142.78468
2966.8498400000003, 1903.69472, 142.82924
2963.9556299999995, 1902.77068, 142.86325
2961.1101599999997, 1901.62709, 142.88659
2958.3386899999996, 1900.25229, 142.90335
2955.6658799999996, 1898.6386300000001, 142.91948999999997
2953.1151199999995, 1896.7865700000002, 142.93693000000002
2950.70757, 1894.7043400000002, 142.95001000000002
2948.46088, 1892.4051300000003, 142.94808
2946.3884700000003, 1889.9042600000005, 142.92154000000002
2944.49855, 1887.2186699999997, 142.86682
2942.79485, 1884.3666600000001, 142.78698000000003
2941.27724, 1881.3680300000003, 142.68881000000002
2939.9430500000003, 1878.2428099999997, 142.57994
2938.78757, 1875.0112599999998, 142.46783999999997
2937.80491, 1871.69328, 142.3603
2936.9886500000002, 1868.3084599999997, 142.26565
2936.33433, 1864.8755100000003, 142.19125
2935.84125, 1861.41223, 142.14128
2935.5127899999998, 1857.9360000000001, 142.11535
2935.3539899999996, 1854.4644600000004, 142.10870000000003
2935.37093, 1851.01589, 142.1129
2935.57084, 1847.6081399999998, 142.11745000000002
2935.96193, 1844.25576, 142.1118
2936.54931, 1840.9683699999998, 142.08835000000002
2937.33131, 1837.75183, 142.04492
2938.299, 1834.6113100000002, 141.98492000000002
2939.4410199999998, 1831.55412, 141.91416
2940.74746, 1828.5902999999998, 141.83711
2942.2119, 1825.73234, 141.75538
2943.83104, 1822.9945, 141.66948000000002
2945.6040299999995, 1820.39248, 141.58186999999998
2947.5304499999997, 1817.9419000000003, 141.49815
2949.6086400000004, 1815.6571200000003, 141.4263
2951.83257, 1813.5487, 141.37366000000003
2954.1890099999996, 1811.62075, 141.34384
2956.6556100000003, 1809.8687000000002, 141.33500999999998
2959.2040000000006, 1808.2801800000002, 141.34112
2961.80666, 1806.8381000000002, 141.35548999999997
2964.44368, 1805.52407, 141.37313
2967.10411, 1804.3208399999999, 141.39081000000002
2969.7828, 1803.2141900000001, 141.40619999999998
2972.47615, 1802.19421, 141.41748
2975.1795899999997, 1801.2550899999999, 141.42404000000002
2977.88794, 1800.3926999999999, 141.42716000000001
2980.59702, 1799.6037000000001, 141.42931
2983.30454, 1798.8860300000001, 141.43315
2986.0087, 1798.23989, 141.44067
2988.7069300000003, 1797.66635, 141.45274
2991.39615, 1797.1655500000002, 141.46892
2994.07426, 1796.7353900000003, 141.48639999999997
2996.7401099999997, 1796.3720799999999, 141.49939999999998
2999.39235, 1796.0721700000001, 141.50069
3002.0287799999996, 1795.8348, 141.48413
3004.6481699999995, 1795.6623, 141.44688
3007.25154, 1795.5599300000001, 141.38889
3009.84189, 1795.5359, 141.31127
3012.42042, 1795.60364, 141.21516000000003
3014.98289, 1795.7833699999999, 141.10197
3017.5178800000003, 1796.10239, 140.9735
3020.00811, 1796.5909299999998, 140.83185
3022.43465, 1797.27427, 140.68015999999997
3024.7817600000003, 1798.1627299999996, 140.52267
3027.0389800000003, 1799.24827, 140.36387
3029.2004100000004, 1800.51082, 140.20662000000002
3031.26168, 1801.93089, 140.05209
3033.2177300000003, 1803.49746, 139.90113000000002
3035.0621299999993, 1805.2071, 139.75570999999997
3036.7884300000005, 1807.0579100000002, 139.61925000000002
3038.39182, 1809.04448, 139.49575000000002
3039.87081, 1811.1554499999997, 139.38983000000002
3041.228, 1813.37323, 139.30611
3042.4696200000003, 1815.6757599999996, 139.24889000000002
3043.6036900000004, 1818.0409900000002, 139.22172
3044.63811, 1820.45164, 139.22664
3045.5784200000003, 1822.8972299999998, 139.26283
3046.4272400000004, 1825.372, 139.32459
3047.18462, 1827.8722000000002, 139.40155
3047.8500400000003, 1830.3944, 139.48152
3048.4244499999995, 1832.9346699999999, 139.55476000000002
3048.91278, 1835.4873599999999, 139.61693
3049.32437, 1838.04506, 139.66908999999998
3049.67102, 1840.6005400000001, 139.71653999999998
3049.9623500000002, 1843.1498100000001, 139.76594
3050.2011300000004, 1845.6924, 139.82219999999998
3050.3815099999997, 1848.22867, 139.88656999999998
3050.4894799999997, 1850.7564200000002, 139.95687000000004
3050.50394, 1853.2698500000001, 140.02948999999998
3050.39914, 1855.7608599999999, 140.10097000000002
3050.1500100000003, 1858.22201, 140.16869
3049.73941, 1860.6485999999998, 140.23065000000003
3049.1617300000003, 1863.0396, 140.28527
3048.4204, 1865.3959, 140.33071
3047.5213599999997, 1867.71675, 140.36495
3046.4687, 1869.9964599999998, 140.38636000000002
3045.2639900000004, 1872.22329, 140.39608
3043.90839, 1874.3817600000002, 140.39926000000003
3042.4041399999996, 1876.4551299999998, 140.40505000000002
3040.75427, 1878.42708, 140.42354
3038.96072, 1880.2804199999998, 140.46178999999998
3037.02358, 1881.99509, 140.52156
3034.94209, 1883.54817, 140.59964
3032.7174499999996, 1884.91631, 140.69051
3030.3545, 1886.07933, 140.78844
3027.86222, 1887.02261, 140.88808999999998
3025.2532199999996, 1887.7361699999997, 140.98411000000002
3022.54389, 1888.2134099999998, 141.07171
3019.7536400000004, 1888.45012, 141.14747
3016.9034899999997, 1888.4451199999999, 141.20945
3014.01252, 1888.20013, 141.25536000000002
3011.09549, 1887.72014, 141.28138
3008.16363, 1887.01262, 141.28345
3005.2271299999998, 1886.0869899999998, 141.25928
3002.2974600000002, 1884.9525600000002, 141.20852999999997
2999.38683, 1883.61764, 141.13175
2996.507, 1882.0893700000001, 141.03011
2993.6678, 1880.3754700000002, 140.90671
2990.8772999999997, 1878.48502, 140.76772
2988.1427599999997, 1876.4287799999997, 140.62087000000002
2985.4721799999998, 1874.21829, 140.47275000000002
2982.8750699999996, 1871.86475, 140.32676999999998
2980.3626899999995, 1869.3773200000003, 140.18326
2977.94764, 1866.7625500000001, 140.04122
2975.64355, 1864.0247499999998, 139.89950000000002
2973.46495, 1861.16772, 139.75775
2971.42702, 1858.1949499999998, 139.61615
2969.5454600000003, 1855.1101999999998, 139.47560000000001
2967.83695, 1851.9183399999997, 139.33839999999998
2966.3177800000003, 1848.6281199999999, 139.20818
2965.00158, 1845.2542400000002, 139.08886
2963.89566, 1841.8168099999998, 138.98338999999999
2963.00042, 1838.3377699999996, 138.89339999999999
2962.31065, 1834.83753, 138.81992
2961.81779, 1831.33312, 138.76422
2961.51059, 1827.83869, 138.72778
2961.3760799999995, 1824.36692, 138.71114000000003
2961.40115, 1820.93021, 138.71294
2961.5766099999996, 1817.54037, 138.72952
2961.89919, 1814.2075200000004, 138.75537
2962.3715700000002, 1810.9398700000002, 138.78506
2962.9995499999995, 1807.74588, 138.81592
2963.78941, 1804.6374499999997, 138.84868
2964.7451499999997, 1801.6308199999999, 138.88584999999998
2965.86762, 1798.74568, 138.92935
2967.1555099999996, 1796.00264, 138.98019
2968.60734, 1793.4226299999998, 139.0398
2970.22226, 1791.02604, 139.10954999999998
2971.99747, 1788.8307499999999, 139.18792000000002
2973.9242400000003, 1786.84866, 139.26782
2975.9870199999996, 1785.0836599999998, 139.33777
2978.16641, 1783.5313599999997, 139.38606000000001
2980.4432100000004, 1782.1803900000002, 139.40515999999997
2982.79975, 1781.0130700000002, 139.39303999999998
2985.22095, 1780.0086300000003, 139.35158000000004
2987.69617, 1779.1486, 139.28363
2990.22385, 1778.4223900000002, 139.1906
2992.8136299999996, 1777.82739, 139.07188
2995.48276, 1777.36547, 138.92688999999996
2998.24467, 1777.0385599999997, 138.75732
3001.09659, 1776.84889, 138.56855000000002
3004.01446, 1776.80237, 138.3696
3006.95916, 1776.91163, 138.17229999999998
3009.8874299999998, 1777.19489, 137.98886
3012.7594599999998, 1777.6713, 137.82931
3015.5420999999997, 1778.35445, 137.69988
3018.20909, 1779.2485000000001, 137.60302
3020.7399, 1780.34759, 137.53826999999995
3023.11794, 1781.6382600000002, 137.50308
3025.32977, 1783.1025000000002, 137.49308
3027.3657099999996, 1784.7193499999998, 137.50315
3029.2206699999997, 1786.4665300000001, 137.5288
3030.8954300000005, 1788.3229299999998, 137.56727
3032.39714, 1790.2717100000002, 137.61674
3033.7378799999997, 1792.30276, 137.67399
3034.9327499999995, 1794.4093800000003, 137.73260000000002
3035.99843, 1796.5816399999999, 137.78316999999998
3036.9527399999997, 1798.80091, 137.81628
3037.81101, 1801.04265, 137.82614
3038.57973, 1803.2873, 137.81282
3039.2515799999996, 1805.5297999999998, 137.78059
3039.80798, 1807.77889, 137.73485999999997
3040.2252300000005, 1810.04812, 137.67991
3040.48109, 1812.3457600000002, 137.61900999999997
3040.55768, 1814.6707000000001, 137.55559000000002
3040.44396, 1817.0137399999999, 137.49370000000002
3040.1378299999997, 1819.3629699999997, 137.43628999999999
3039.64826, 1821.7084399999999, 137.38343999999998
3038.99363, 1824.0440199999998, 137.33232
3038.1961199999996, 1826.3670899999997, 137.27927
3037.27517, 1828.6788699999997, 137.22243999999998
3036.24326, 1830.9859800000002, 137.16212
3035.10571, 1833.29952, 137.09976999999998
3033.86349, 1835.6284899999998, 137.03754
3032.5173800000002, 1837.97114, 136.97915000000003
3031.0716999999995, 1840.3114099999998, 136.92994000000002
3029.53483, 1842.62462, 136.89456
3027.91688, 1844.88662, 136.87378999999999
3026.22483, 1847.07959, 136.86295
3024.4595200000003, 1849.1919800000003, 136.85376
3022.6160200000004, 1851.2163500000001, 136.83729
3020.68688, 1853.14931, 136.80685
3018.6666999999998, 1854.99176, 136.75965000000002
3016.55543, 1856.74804, 136.69702
3014.35882, 1858.42425, 136.62415000000001
3012.0866100000003, 1860.0279799999996, 136.54849
3009.74903, 1861.5674599999998, 136.47747
3007.35354, 1863.0492900000002, 136.41535
3004.9026, 1864.47492, 136.36091
3002.3934500000005, 1865.83833, 136.30806
2999.8190400000003, 1867.12599, 136.24954
2997.1705599999996, 1868.3200699999998, 136.18111
2994.44004, 1869.4021, 136.10386999999997
2991.6234099999997, 1870.3574500000002, 136.02367
2988.72231, 1871.17751, 135.94875
2985.7449699999997, 1871.86076, 135.88701
2982.7047900000002, 1872.41151, 135.84413
2979.61733, 1872.8374499999998, 135.82335000000003
2976.49694, 1873.1470699999998, 135.82636
2973.35452, 1873.3490800000004, 135.85431
2970.19772, 1873.45317, 135.9081
2967.0327599999996, 1873.47075, 135.98730999999998
2963.86646, 1873.4123299999999, 136.08931
2960.7067, 1873.2831899999996, 136.20947
2957.56162, 1873.0783299999998, 136.34247
2954.43876, 1872.78122, 136.48350000000002
2951.34581, 1872.3651999999997, 136.62855
2948.2919, 1871.7980400000001, 136.77381
2945.28878, 1871.0471299999997, 136.91497999999999
2942.3506399999997, 1870.08427, 137.04686999999998
2939.4932100000005, 1868.88902, 137.16341
2936.7322900000004, 1867.45068, 137.25854
2934.08343, 1865.76711, 137.32683999999998
2931.56198, 1863.8430700000001, 137.36367
2929.18457, 1861.6878000000002, 137.36435999999998
2926.9702, 1859.3135300000001, 137.32457
2924.94015, 1856.7341000000004, 137.24183000000002
2923.11662, 1853.96407, 137.11597
2921.5217599999996, 1851.0176099999996, 136.94774999999998
2920.1767200000004, 1847.9091500000002, 136.73663
2919.09938, 1844.6554199999998, 136.48272000000003
2918.30035, 1841.27876, 136.19145
2917.7802199999996, 1837.8090499999998, 135.87606
2917.53168, 1834.2820100000001, 135.55446
2917.5460599999997, 1830.7348900000002, 135.24309
2917.81719, 1827.20242, 134.95364
2918.3399, 1823.7149100000001, 134.69321
2919.10569, 1820.2975900000001, 134.46535
2920.10229, 1816.9701300000002, 134.26917
2921.31529, 1813.74643, 134.09860999999998
2922.73034, 1810.63576, 133.94297
2924.3330300000002, 1807.6446199999998, 133.78861
2926.1097299999997, 1804.7789, 133.62137
2928.04871, 1802.0455899999997, 133.42903
2930.1419200000005, 1799.4542900000001, 133.20387999999997
2932.3839300000004, 1797.0181499999999, 132.94297
2934.77032, 1794.7547399999999, 132.64625999999998
2937.2957300000003, 1792.68629, 132.31538
2939.95211, 1790.83684, 131.95522999999997
2942.7276100000004, 1789.2280500000002, 131.57644
2945.60621, 1787.87409, 131.19558
2948.56843, 1786.7776399999998, 130.83202999999997
2951.593, 1785.92805, 130.50334
2954.6583, 1785.30189, 130.22173
2957.7440300000003, 1784.86793, 129.99183
2960.8323, 1784.5947800000001, 129.81052000000003
2963.90827, 1784.45845, 129.66850000000002
2966.9599100000005, 1784.4463899999998, 129.55500999999998
2969.9760899999997, 1784.5576, 129.46316
2972.94389, 1784.7986799999999, 129.39365000000004
2975.84761, 1785.1770199999999, 129.35360999999997
2978.67162, 1785.6949, 129.35057
2981.4046900000003, 1786.3467799999999, 129.38667999999998
2984.0420499999996, 1787.12235, 129.45704999999998
2986.5827, 1788.0114399999998, 129.55311
2989.02625, 1789.0065299999999, 129.66681000000003
2991.3713099999995, 1790.1025699999998, 129.79295000000002
2993.6163800000004, 1791.2951799999998, 129.92906
2995.7597199999996, 1792.5796300000002, 130.07392000000002
2997.7999999999997, 1793.9502799999998, 130.22561
2999.73658, 1795.39958, 130.37951
3001.57182, 1796.9182099999998, 130.52893999999998
3003.3125800000003, 1798.4949100000001, 130.66781999999998
3004.97023, 1800.1157500000002, 130.79351
3006.55923, 1801.7637899999997, 130.90713
3008.0937599999997, 1803.4210499999997, 131.01086
3009.58345, 1805.0737400000003, 131.10537999999997
3011.02965, 1806.71652, 131.18964
3012.4248099999995, 1808.35308, 131.26257
3013.7560700000004, 1809.9927399999997, 131.32433
3015.0105, 1811.64598, 131.3759
3016.17942, 1813.3209599999998, 131.41777
3017.2580500000004, 1815.02306, 131.44845
3018.2419999999997, 1816.75596, 131.46485
3019.1247599999997, 1818.5225599999999, 131.46293
3019.8981699999995, 1820.3250899999998, 131.43913
3020.55495, 1822.1650300000001, 131.39197
3021.09115, 1824.04333, 131.32247
3021.50595, 1825.9611300000001, 131.23399999999998
3021.79987, 1827.9197499999998, 131.13194
3021.9732200000003, 1829.92048, 131.02347
3022.02609, 1831.96358, 130.91655
3021.9595900000004, 1834.04777, 130.81807999999998
3021.77632, 1836.1684400000001, 130.73237
3021.4792399999997, 1838.31673, 130.66136999999998
3021.0708299999997, 1840.4806900000003, 130.60594
3020.5538300000003, 1842.64809, 130.56637999999998
3019.9336200000002, 1844.8088600000003, 130.5423
3019.21909, 1846.9544500000004, 130.53251999999998
3018.42255, 1849.0769999999998, 130.53558
3017.5573799999997, 1851.17, 130.55033999999998
3016.63541, 1853.2296900000001, 130.57657
3015.66504, 1855.2547399999999, 130.61463
3014.65055, 1857.24376, 130.66483
3013.5914000000002, 1859.19429, 130.72675999999998
3012.48254, 1861.1040799999998, 130.79861
3011.31499, 1862.9717400000002, 130.87673
3010.0766800000006, 1864.7944899999998, 130.95535999999998
3008.7529499999996, 1866.5644200000002, 131.02786
3007.3274300000003, 1868.2674299999999, 131.08835000000002
3005.78354, 1869.88563, 131.13292
3004.1061600000003, 1871.40075, 131.15994
3002.2834799999996, 1872.79741, 131.16992000000002
3000.3089900000004, 1874.0661000000005, 131.16580000000002
2998.18405, 1875.20667, 131.15237
2995.9196200000006, 1876.2290699999999, 131.13454
2993.53423, 1877.15176, 131.11558999999997
2991.05053, 1877.9985700000002, 131.09715
2988.4927700000003, 1878.7972399999999, 131.08067
2985.88713, 1879.5789799999998, 131.06878
2983.26291, 1880.3783499999997, 131.06573
2980.6524799999997, 1881.2318800000005, 131.07671
2978.0899199999994, 1882.1762800000001, 131.10679
2975.60956, 1883.24532, 131.15949
2973.24526, 1884.4658800000002, 131.23496
2971.0302600000005, 1885.8536199999999, 131.32916
2968.9968099999996, 1887.41109, 131.43511999999998
2967.17451, 1889.1286800000003, 131.54566000000003
2965.58837, 1890.9883699999998, 131.65564
2964.2572700000005, 1892.96745, 131.76208
2963.1935499999995, 1895.0408899999998, 131.8636
2962.4025900000006, 1897.1812700000003, 131.96040999999997
2961.8821900000003, 1899.3591700000002, 132.05526
2961.6227099999996, 1901.5452699999998, 132.15361000000001
2961.61069, 1903.71325, 132.26185
2961.83272, 1905.8414800000003, 132.38422
2962.2779299999997, 1907.91189, 132.52016999999998
2962.93701, 1909.90746, 132.66462
2963.80073, 1911.8107799999998, 132.81147
2964.8587700000003, 1913.60392, 132.95691000000002
2966.10016, 1915.26977, 133.10021999999998
2967.5139599999998, 1916.79244, 133.24139
2969.0896000000002, 1918.15792, 133.37954999999997
2970.8152699999996, 1919.3555800000001, 133.51254999999998
2972.67472, 1920.3790599999998, 133.63822999999996
2974.6468, 1921.2249299999999, 133.75476999999998
2976.70962, 1921.88928, 133.86057
2978.8457000000003, 1922.3659899999998, 133.9536
2981.0432499999997, 1922.6473, 134.03163999999998
2983.29207, 1922.7271700000001, 134.09277000000003
2985.5800799999997, 1922.6016099999997, 134.13599
2987.89239, 1922.26839, 134.16125999999997
2990.21206, 1921.72564, 134.16984999999997
2992.52039, 1920.9734599999997, 134.16539999999998
2994.79682, 1920.0169, 134.15384
2997.02099, 1918.86783, 134.14189000000002
2999.1760400000003, 1917.5431899999999, 134.13457
3001.25083, 1916.06079, 134.13291
3003.23918, 1914.4351499999998, 134.13349
3005.1370899999997, 1912.6763500000002, 134.13019999999997
3006.93998, 1910.7907099999998, 134.11692
3008.64074, 1908.7824100000003, 134.08977
3010.22969, 1906.65524, 134.04721
3011.69683, 1904.41492, 133.99002000000002
3013.03492, 1902.0699799999998, 133.92171000000002
3014.24211, 1899.6316799999997, 133.84825000000004
3015.32163, 1897.1117499999996, 133.77585000000002
3016.27913, 1894.5216599999999, 133.70877000000002
3017.11949, 1891.8732200000002, 133.64943999999997
3017.84556, 1889.17953, 133.59986999999998
3018.4587300000003, 1886.4532599999998, 133.56194
3018.9611600000003, 1883.70383, 133.5365
3019.3577200000004, 1880.93642, 133.52272
3019.65635, 1878.15443, 133.51838000000004
3019.8666999999996, 1875.3625, 133.5198
3019.99679, 1872.5663200000004, 133.52150999999998
3020.0492700000004, 1869.76925, 133.51610999999997
3020.0193799999997, 1866.96988, 133.49573999999998
3019.89523, 1864.1629999999998, 133.45441
3019.66041, 1861.34352, 133.39027999999996
3019.29687, 1858.5103299999998, 133.30622
3018.78794, 1855.6680199999998, 133.20936
3018.1205, 1852.82634, 133.10915
3017.28618, 1849.99837, 133.01501999999996
3016.28157, 1847.1994400000003, 132.93436000000003
3015.10691, 1844.44691, 132.87129
3013.7649100000003, 1841.7603599999998, 132.82678
3012.2594799999997, 1839.1611099999998, 132.79927000000004
3010.5947600000004, 1836.6719999999998, 132.78492
3008.7747000000004, 1834.3164699999998, 132.77740999999997
3006.8031600000004, 1832.11823, 132.76872999999998
3004.68401, 1830.1002399999998, 132.74953
3002.42122, 1828.28591, 132.7107
3000.02115, 1826.7004500000003, 132.64552999999998
2997.4963900000002, 1825.37171, 132.55160999999998
2994.8697899999997, 1824.32568, 132.43121
2992.1745999999994, 1823.5804399999997, 132.28924999999998
2989.45097, 1823.1422000000002, 132.13079
2986.74229, 1823.0072599999999, 131.96078
2984.09198, 1823.16926, 131.78403
2981.5419599999996, 1823.6269300000004, 131.60352999999998
2979.13147, 1824.38596, 131.41778
2976.8968400000003, 1825.45459, 131.22095
2974.8718, 1826.83412, 131.00515
2973.08759, 1828.5124899999998, 130.76494
2971.57045, 1830.46174, 130.50057
2970.33793, 1832.6402699999999, 130.22039
2969.39626, 1834.99539, 129.94080000000002
2968.74087, 1837.4691399999997, 129.68310000000002
2968.35866, 1840.0044699999999, 129.46867
2968.22991, 1842.55184, 129.31493
2968.3292, 1845.07284, 129.23325000000003
2968.6268000000005, 1847.54136, 129.22898
2969.09148, 1849.9426099999996, 129.30108
2969.6953700000004, 1852.2694400000005, 129.44030000000004
2970.4186799999998, 1854.51735, 129.62798000000004
2971.25242, 1856.6806000000001, 129.83942
2972.1959400000005, 1858.7507999999998, 130.05253999999996
2973.25206, 1860.7174600000003, 130.25539999999995
2974.42176, 1862.5691700000002, 130.44639999999998
2975.7013199999997, 1864.29549, 130.62906000000004
2977.0825600000003, 1865.8887600000003, 130.80669
2978.55483, 1867.34447, 130.97958
2980.10754, 1868.6594099999998, 131.14491
2981.7317900000003, 1869.82923, 131.29734
2983.4209499999997, 1870.84781, 131.43093
2985.1705300000003, 1871.7066200000002, 131.54056
2986.97773, 1872.3955300000002, 131.62351
2988.84027, 1872.9034500000002, 131.67944
2990.75465, 1873.2203699999998, 131.70975
2992.71474, 1873.3395, 131.71709
2994.71146, 1873.2594700000002, 131.70449000000002
2996.73356, 1872.9859999999996, 131.67418
2998.76917, 1872.5322700000002, 131.62730000000002
3000.8082399999994, 1871.91686, 131.56513
3002.8444799999997, 1871.1603900000002, 131.49038000000002
3004.87546, 1870.2821800000002, 131.40738
3006.90035, 1869.2976999999998, 131.32117
3008.91611, 1868.2165799999998, 131.2363
3010.91583, 1867.04201, 131.15663
3012.88916, 1865.77131, 131.08611000000002
3014.82334, 1864.39878, 131.02902999999998
3016.70397, 1862.9186299999997, 130.9898
3018.51568, 1861.32755, 130.97119
3020.24367, 1859.62382, 130.97254
3021.87515, 1857.80436, 130.98964
3023.39812, 1855.8620799999997, 131.01597999999998
3024.7995899999996, 1853.78806, 131.04452999999998
3026.0645799999998, 1851.57742, 131.06869
3027.1772600000004, 1849.2345099999998, 131.08259
3028.12038, 1846.7724999999998, 131.08091000000002
3028.87521, 1844.20953, 131.05921
3029.42342, 1841.5651100000002, 131.01392000000004
3029.75222, 1838.85956, 130.94132
3029.8568399999995, 1836.1134400000003, 130.83742999999998
3029.7382000000002, 1833.34533, 130.69889999999998
3029.39842, 1830.5699200000004, 130.5245
3028.8381199999994, 1827.8003, 130.31494000000004
3028.0558499999997, 1825.0545399999999, 130.07208
3027.04906, 1822.3596300000002, 129.80001
3025.8132699999996, 1819.7505, 129.50898999999998
3024.34301, 1817.2654699999998, 129.21718
3022.63256, 1814.9406299999998, 128.94699
3020.67793, 1812.80337, 128.71788
3018.48205, 1810.8698399999998, 128.54063000000002
3016.0633000000003, 1809.1511000000003, 128.41523
3013.46191, 1807.66593, 128.33278
3010.7363900000005, 1806.44647, 128.27878
3007.9496200000003, 1805.52959, 128.23769
3005.1554699999997, 1804.9428, 128.19732
3002.39639, 1804.6988900000001, 128.1518
2999.70832, 1804.7978499999997, 128.10207
2997.12338, 1805.23007, 128.0541
2994.66906, 1805.9762500000002, 128.01574
2992.36553, 1807.0066299999999, 127.99339
2990.22534, 1808.28217, 127.98987000000002
2988.2539399999996, 1809.7584200000001, 128.00375
2986.44981, 1811.3905, 128.03041000000002
2984.80655, 1813.13911, 128.06429000000003
2983.31544, 1814.9731800000002, 128.10089999999997
2981.96872, 1816.8698, 128.13760000000002
2980.7604, 1818.81142, 128.17385000000002
2979.68555, 1820.78465, 128.21073
2978.7387699999995, 1822.7794399999998, 128.24963
2977.91419, 1824.7889, 128.29054
2977.2066800000002, 1826.80851, 128.33131999999998
2976.61302, 1828.8347099999999, 128.36828
2976.1312900000003, 1830.86384, 128.39877
2975.75991, 1832.8920899999998, 128.42302
2975.49745, 1834.9166100000002, 128.44356
2975.34325, 1836.93644, 128.46242
2975.29867, 1838.9519000000005, 128.47926999999999
2975.36786, 1840.9622800000002, 128.49332
2975.55749, 1842.9640900000002, 128.50635000000003
2975.87472, 1844.9504699999998, 128.52324
2976.32445, 1846.9123800000002, 128.54946
2976.90726, 1848.8397099999997, 128.58855
2977.61934, 1850.7226299999998, 128.6417
2978.45419, 1852.5518099999997, 128.70877
2979.40374, 1854.3188700000003, 128.78937000000002
2980.45943, 1856.01555, 128.88258000000002
2981.61309, 1857.6332000000002, 128.98699
2982.8588299999997, 1859.1625500000002, 129.10021
2984.19427, 1860.5940999999998, 129.21916000000002
2985.6199100000003, 1861.9181199999998, 129.3409
2987.13636, 1863.12467, 129.46228000000002
2988.74178, 1864.2028300000002, 129.57969
2990.43091, 1865.14015, 129.68912
2992.19663, 1865.9218799999999, 129.78733
2994.0314000000003, 1866.5322199999998, 129.87312
2995.9280999999996, 1866.9564699999999, 129.94659
2997.87832, 1867.18397, 130.00770999999997
2999.87103, 1867.2082300000002, 130.05533
3001.8919699999997, 1867.02563, 130.08692
3003.9251999999997, 1866.6332699999998, 130.0994
3005.9550799999997, 1866.03034, 130.0901
3007.9675599999996, 1865.2203199999997, 130.05695999999998
3009.9510899999996, 1864.21301, 129.99787999999998
3011.8967399999997, 1863.0234900000003, 129.91166
3013.7983299999996, 1861.6702400000001, 129.80104
3015.6525, 1860.1730099999997, 129.67591
3017.4588400000002, 1858.5520099999999, 129.55236
3019.21897, 1856.8261900000002, 129.44798999999998
3020.93392, 1855.01214, 129.37726000000004
3022.59948, 1853.12104, 129.34863
3024.20294, 1851.1571800000002, 129.3633
3025.72217, 1849.11634, 129.41457
3027.12784, 1846.9871699999999, 129.48971
3028.38729, 1844.7538100000002, 129.5743
3029.46973, 1842.40215, 129.65657000000002
3030.3500599999998, 1839.9266599999999, 129.72931
3031.0102600000005, 1837.3345199999999, 129.78867
3031.43753, 1834.64425, 129.83121
3031.62071, 1831.88088, 129.85197
3031.5489399999997, 1829.0723300000002, 129.84434
3031.21386, 1826.24789, 129.80145
3030.6133, 1823.4371400000005, 129.71709
3029.75409, 1820.6672299999998, 129.58684
3028.6481300000005, 1817.96083, 129.40966
3027.30567, 1815.33667, 129.18972000000002
3025.73103, 1812.81397, 128.93692000000004
3023.92669, 1810.4159, 128.66464
3021.9010100000005, 1808.16898, 128.38585999999998
3019.67296, 1806.09785, 128.10995
3017.2699199999997, 1804.22127, 127.84202
3014.72257, 1802.5527899999997, 127.58561999999999
3012.06234, 1801.10644, 127.34488000000002
3009.3214599999997, 1799.90018, 127.12371000000003
3006.53248, 1798.95507, 126.92266000000002
3003.7278499999998, 1798.2903900000001, 126.73732
3000.93991, 1797.9197199999999, 126.56018999999999
2998.2021, 1797.84889, 126.38489999999999
2995.5485099999996, 1798.07562, 126.20938999999998
2993.01136, 1798.58969, 126.03596000000002
2990.61826, 1799.37461, 125.86883
2988.39073, 1800.41055, 125.71165
2986.3457599999997, 1801.67756, 125.56657
2984.4974700000002, 1803.15536, 125.43508
2982.8571399999996, 1804.82343, 125.31873999999998
2981.43073, 1806.66059, 125.21918999999998
2980.2154299999997, 1808.65082, 125.13777
2979.19665, 1810.7898099999998, 125.07568999999998
2978.35111, 1813.0826999999997, 125.03479999999999
2977.65595, 1815.5265600000002, 125.01799000000001
2977.10097, 1818.0878399999997, 125.02791000000002
2976.69144, 1820.69742, 125.06580999999998
2976.43902, 1823.2734500000001, 125.13074999999999
2976.34759, 1825.75295, 125.21972999999998
2976.40937, 1828.1070800000002, 125.32905999999998
2976.60998, 1830.3350899999998, 125.45594000000001
2976.9356500000004, 1832.4495199999997, 125.59853000000001
2977.37526, 1834.4648000000002, 125.75450999999998
2977.91855, 1836.3933700000002, 125.91906000000002
2978.55433, 1838.24441, 126.08474000000001
2979.2711000000004, 1840.02421, 126.24383
2980.05804, 1841.7376600000002, 126.39058999999997
2980.9062299999996, 1843.3882099999998, 126.52238
2981.80887, 1844.9774999999997, 126.63965
2982.76104, 1846.5039200000003, 126.7462
2983.75926, 1847.96337, 126.84783999999999
2984.80102, 1849.35186, 126.95045
2985.88475, 1850.66799, 127.05747999999998
2987.01077, 1851.91153, 127.16900000000001
2988.1824400000005, 1853.07945, 127.28171
2989.4067399999994, 1854.1621599999999, 127.39032
2990.69329, 1855.1443100000001, 127.48877000000002
2992.05195, 1856.00891, 127.57164
2993.48947, 1856.7434700000001, 127.63513
2995.0079799999994, 1857.3419599999997, 127.67681999999999
2996.60578, 1857.8026300000001, 127.69536000000002
2998.2791700000002, 1858.1221600000001, 127.69041
3000.02354, 1858.29191, 127.66336000000001
3001.8332, 1858.2988400000002, 127.61769999999999
3003.6998099999996, 1858.13059, 127.55825999999999
3005.61093, 1857.77943, 127.48963999999998
3007.5494700000004, 1857.24388, 127.41556999999997
3009.49539, 1856.52695, 127.34018999999998
3011.4277199999997, 1855.63484, 127.26952000000001
3013.32586, 1854.57526, 127.21115999999999
3015.1701000000003, 1853.3565799999997, 127.17187999999999
3016.94228, 1851.98659, 127.15477000000001
3018.6269299999994, 1850.4727899999998, 127.15804
3020.21123, 1848.82232, 127.17546
3021.68316, 1847.0417599999996, 127.19788000000001
3023.02919, 1845.1361000000004, 127.21540999999999
3024.23426, 1843.109, 127.21990000000001
3025.28391, 1840.9648500000003, 127.20679999999997
3026.1671899999997, 1838.7116999999998, 127.1757
3026.87784, 1836.36089, 127.12897000000001
3027.4137299999998, 1833.92497, 127.06879999999998
3027.7746199999997, 1831.41545, 126.99563
3027.9603500000003, 1828.8431, 126.90896000000001
3027.9683200000004, 1826.22068, 126.80999
3027.79155, 1823.5650799999999, 126.70418000000002
3027.41791, 1820.8980500000002, 126.60072
3026.83188, 1818.2459599999997, 126.50932
3026.01716, 1815.63906, 126.43626000000002
3024.9590799999996, 1813.11093, 126.38275000000002
3023.6456700000003, 1810.6968000000002, 126.34657999999999
3022.0723399999997, 1808.43208, 126.32478999999998
3020.24773, 1806.3498800000002, 126.31503999999998
3018.19909, 1804.4794000000002, 126.31567
3015.96954, 1802.8452499999999, 126.32509999999999
3013.6077400000004, 1801.46681, 126.34023999999997
3011.15638, 1800.3556700000001, 126.35530000000001
3008.6469100000004, 1799.5121, 126.3616
3006.10265, 1798.92601, 126.34939
3003.54509, 1798.5855500000002, 126.31053
3000.9987, 1798.4870500000002, 126.24025999999999
2998.49015, 1798.64173, 126.13806
2996.04617, 1799.07392, 126.00851999999998
2993.69222, 1799.813, 125.86125
2991.4545200000002, 1800.8797299999999, 125.70953
2989.36296, 1802.27357, 125.56701999999999
2987.4524000000006, 1803.96787, 125.44466
2985.7592199999995, 1805.9149300000001, 125.34942000000001
2984.3150400000004, 1808.0555, 125.28540000000001
2983.1396799999993, 1810.3261200000002, 125.25572
2982.23714, 1812.66384, 125.2636
2981.59557, 1815.01142, 125.31221000000001
2981.19185, 1817.3221, 125.40290999999999
2980.9973, 1819.5635700000003, 125.53368
2980.9828799999996, 1821.71673, 125.69758999999999
2981.12232, 1823.7728899999997, 125.883
2981.39372, 1825.73013, 126.07559
2981.7795600000004, 1827.5909299999998, 126.26132
2982.26559, 1829.36091, 126.42922000000002
2982.83883, 1831.04676, 126.57281
2983.48707, 1832.6541800000002, 126.69002
2984.1998, 1834.18661, 126.78167
2984.9702, 1835.6447599999997, 126.84947
2985.7963700000005, 1837.0273399999999, 126.89451999999999
2986.6800500000004, 1838.33118, 126.91682
2987.6231799999996, 1839.55182, 126.91508999999999
2988.62495, 1840.6843800000001, 126.88730000000001
2989.68033, 1841.7259000000001, 126.83133000000002
2990.781, 1842.67723, 126.74641000000001
2991.9166900000005, 1843.54347, 126.63377
2993.07612, 1844.3320900000003, 126.49658
2994.24716, 1845.05136, 126.33854
2995.41567, 1845.7103, 126.16335999999998
2996.56454, 1846.32016, 125.97581
2997.6738400000004, 1846.8951899999997, 125.78285999999999
2998.72391, 1847.45199, 125.59327999999998
2999.69874, 1848.00711, 125.41414999999999
3000.589, 1848.5739999999998, 125.24801
3001.39287, 1849.1589699999997, 125.09261000000001
3002.1153499999996, 1849.7585900000001, 124.94403
3002.7654700000003, 1850.3599, 124.80067
3003.35197, 1850.9446, 124.66522
3003.8801099999996, 1851.49419, 124.54305
3004.3514800000003, 1851.9940900000001, 124.43849
3004.7664000000004, 1852.43501, 124.35159000000002
3005.12762, 1852.8131399999997, 124.27743000000001
3005.44164, 1853.1291400000002, 124.20945000000002
3005.71747, 1853.3867699999996, 124.14517999999998
3005.96421, 1853.5912799999999, 124.08952000000002
3006.19042, 1853.7495199999998, 124.05311999999996
3006.4046399999997, 1853.87044, 124.04603
3006.6159500000003, 1853.96446, 124.07097000000002
3006.83308, 1854.04178, 124.12006
3007.06301, 1854.11074, 124.17711999999999
3007.3101199999996, 1854.17837, 124.22396999999998
3007.57629, 1854.25045, 124.24841999999998
3007.86156, 1854.3309100000001, 124.2481
3008.16455, 1854.42133, 124.22856999999999
3008.48284, 1854.52362, 124.19770999999999
3008.81289, 1854.64362, 124.16152
3009.14976, 1854.7920900000001, 124.12298999999999
3009.48552, 1854.98202, 124.08376000000001
3009.8084699999995, 1855.2256300000001, 124.04525999999998
3010.10412, 1855.5319200000001, 124.00949
3010.35928, 1855.9038699999996, 123.97921
3010.56629, 1856.3348400000002, 123.95706
3010.7251699999997, 1856.8093399999998, 123.94476
3010.84107, 1857.30916, 123.94229
3010.9202, 1857.82126, 123.94796
3010.96656, 1858.3394300000004, 123.95953000000002
3010.9808700000003, 1858.86105, 123.97541999999999
3010.9614100000003, 1859.38311, 123.99512999999999
3010.9059800000005, 1859.9015200000001, 124.01885999999999
3010.81397, 1860.41276, 124.04687000000001
3010.6874300000004, 1860.9145700000001, 124.07948000000002
3010.53005, 1861.4048599999999, 124.11680999999999
3010.34376, 1861.8805500000003, 124.15845000000002
3010.12595, 1862.3370899999998, 124.20305
3009.8695100000004, 1862.7692200000001, 124.24878000000001
3009.5669700000003, 1863.1724400000003, 124.29437
3009.21477, 1863.54443, 124.34007999999999
3008.81429, 1863.88475, 124.38755999999998
3008.3697400000005, 1864.1931499999998, 124.43866
3007.88549, 1864.4677299999998, 124.49422999999999
3007.36525, 1864.70468, 124.55353
3006.81231, 1864.9003400000001, 124.61480999999999
3006.2295400000003, 1865.05324, 124.67599
3005.61894, 1865.16433, 124.73496
3004.9823100000003, 1865.23527, 124.78937
3004.32244, 1865.2664, 124.83693000000001
3003.64366, 1865.2568500000002, 124.87554
3002.95095, 1865.2054, 124.90270000000001
3002.24872, 1865.1107299999996, 124.91494
3001.5411299999996, 1864.97114, 124.90891000000002
3000.83378, 1864.78387, 124.88426999999999
3000.13514, 1864.54529, 124.84581
2999.45579, 1864.2517899999998, 124.80178000000001
2998.80501, 1863.90184, 124.76005
2998.18844, 1863.4973000000002, 124.7251
2997.6077400000004, 1863.0436400000003, 124.69751000000001
2997.06369, 1862.5470099999998, 124.67579
2996.55922, 1862.0113699999997, 124.65790000000001
2996.10089, 1861.43815, 124.6414
2995.69693, 1860.8285900000003, 124.62274
2995.3546100000003, 1860.1863099999998, 124.59706000000001
2995.07798, 1859.51777, 124.559
2994.8680299999996, 1858.83017, 124.50497
2994.7241, 1858.12963, 124.43479000000002
2994.6459000000004, 1857.42003, 124.352
2994.63344, 1856.7042199999996, 124.26205999999999
2994.68626, 1855.9856600000003, 124.16964
2994.8025700000003, 1855.2696899999999, 124.07694
2994.97966, 1854.5637000000002, 123.98376999999998
2995.21404, 1853.87613, 123.88922
2995.5014, 1853.2154299999997, 123.79342999999999
2995.8359600000003, 1852.5896100000002, 123.69814000000001
2996.2106, 1852.00698, 123.60526999999999
2996.6168800000005, 1851.4760199999996, 123.51547999999998
2997.0457, 1851.0051199999998, 123.42775000000002
2997.48801, 1850.60121, 123.34022
2997.93606, 1850.2685200000003, 123.25148000000002
2998.3831, 1850.0067600000002, 123.16120000000001
2998.8224199999995, 1849.8107200000002, 123.07032999999998
2999.2464800000002, 1849.6716499999998, 122.98047000000001
2999.6471399999996, 1849.5803200000003, 122.89313
3000.0175799999997, 1849.52931, 122.80878
3000.35397, 1849.5140900000001, 122.72653
3000.6562400000003, 1849.5317000000002, 122.64436
3000.92616, 1849.5799299999999, 122.56076
3001.16451, 1849.6567600000003, 122.47581
3001.36989, 1849.7611399999998, 122.39135000000002
3001.5404000000003, 1849.8920400000002, 122.30958999999999
3001.6768199999997, 1850.04639, 122.23182999999999
3001.7849400000005, 1850.2167100000001, 122.15844
3001.8742, 1850.3920300000002, 122.08958999999997
3001.95428, 1850.5610699999997, 122.02583999999999
3002.03201, 1850.71592, 121.96831
3002.11021, 1850.85292, 121.91886
3002.1884500000006, 1850.97196, 121.87967
3002.2657, 1851.07454, 121.85141000000002
3002.34214, 1851.1619299999998, 121.83088000000002
3002.41996, 1851.2347299999997, 121.81145
3002.50158, 1851.29316, 121.78671000000001
3002.58802, 1851.3382900000001, 121.75407999999997
3002.6782799999996, 1851.3726299999998, 121.71488
3002.76998, 1851.3997100000001, 121.67163000000001
3002.86004, 1851.42288, 121.62637
3002.94532, 1851.4442399999996, 121.58034
3003.02347, 1851.4647099999997, 121.53467
3003.09374, 1851.4850100000003, 121.49099999999999
3003.15681, 1851.5058299999996, 121.45209
3003.21403, 1851.5276500000004, 121.42202000000002
3003.2669100000007, 1851.55024, 121.40477999999999
3003.31676, 1851.5726900000002, 121.40142
3003.3643300000003, 1851.59392, 121.40818999999999
3003.40952, 1851.6131099999998, 121.41771000000001
3003.45127, 1851.6296300000001, 121.42254
3003.48827, 1851.6433800000002, 121.41857000000002
3003.5198900000005, 1851.6548300000002, 121.40573000000002
3003.5469700000003, 1851.6652399999998, 121.38664000000001
3003.57123, 1851.67618, 121.36484
3003.5942600000003, 1851.6888599999997, 121.34295000000002
3003.6167100000002, 1851.70337, 121.32162999999998
3003.63865, 1851.7187099999999, 121.29975999999999
3003.66028, 1851.7340199999999, 121.27617000000001
3003.68177, 1851.74955, 121.25131999999999
3003.7029300000004, 1851.7660399999997, 121.22678
3003.72308, 1851.78332, 121.20342000000001
3003.74141, 1851.79968, 121.18118
3003.7575100000004, 1851.8131500000004, 121.15996000000003
3003.77128, 1851.8232400000002, 121.14031
3003.78264, 1851.83117, 121.12276999999999
3003.79126, 1851.8390900000002, 121.10709999999999
3003.7972300000006, 1851.8489700000002, 121.09261000000001
3003.8016300000004, 1851.86202, 121.07868
3003.8058699999992, 1851.8778300000001, 121.06541
3003.81064, 1851.89396, 121.05332000000001
3003.8151000000003, 1851.90684, 121.04293
3003.81738, 1851.91405, 121.03434999999999
3003.81647, 1851.91655, 121.0272
3003.8128499999993, 1851.9176900000002, 121.02068999999999
3003.80812, 1851.9204399999999, 121.01405
3003.80339, 1851.92487, 121.00681000000002
3003.7987499999995, 1851.9283900000003, 120.99899999999998
3003.7934299999997, 1851.92862, 120.99127000000001
3003.7871499999997, 1851.92625, 120.98502
3003.7812299999996, 1851.92524, 120.98233
3003.7783200000003, 1851.9310300000002, 120.98466
3003.78139, 1851.9479299999998, 120.99175
3003.79212, 1851.9770199999998, 121.00155
3003.8098600000003, 1852.01582, 121.01131000000001
3003.83159, 1852.05962, 121.01895999999999
3003.8532600000003, 1852.1033300000004, 121.02352
3003.8715700000002, 1852.14262, 121.02516
3003.88488, 1852.1745499999997, 121.02466
3003.8928600000004, 1852.19765, 121.02328
3003.8953300000003, 1852.2123799999997, 121.02206000000001
3003.89141, 1852.2211300000004, 121.02154
3003.87959, 1852.22719, 121.02167000000001
3003.8587899999998, 1852.23289, 121.02222000000002
3003.82952, 1852.23868, 121.02288000000001
3003.7943399999995, 1852.24362, 121.02334
3003.75691, 1852.24712, 121.02341999999999
3003.72048, 1852.2499500000001, 121.02322999999998
3003.68684, 1852.2537899999995, 121.02332000000001
3003.65624, 1852.2593700000002, 121.02447
3003.62772, 1852.2657100000001, 121.02688
3003.60005, 1852.27129, 121.03022000000001
3003.57228, 1852.2756000000002, 121.03404
3003.5442000000003, 1852.2795599999997, 121.03863000000001
3003.51623, 1852.2845199999997, 121.04511000000002
3003.489, 1852.29164, 121.05456999999998
3003.46293, 1852.30136, 121.06697000000001
3003.43773, 1852.3135200000002, 121.08057
3003.41264, 1852.3269500000001, 121.09295999999999
3003.38677, 1852.3395799999998, 121.10254
3003.35956, 1852.3496899999998, 121.10940000000001
3003.33039, 1852.3572699999997, 121.11491999999998
3003.2984099999994, 1852.3633300000001, 121.12062
3003.2625399999997, 1852.3672299999998, 121.12755
3003.22248, 1852.3660100000002, 121.13580999999999
3003.1792200000004, 1852.35635, 121.14508000000001
3003.13495, 1852.33811, 121.15518999999999
3003.09245, 1852.31497, 121.16650999999999
3003.0545700000002, 1852.2921900000001, 121.17945
3003.02353, 1852.2739699999997, 121.19389000000001
3003.0005899999996, 1852.2620300000003, 121.20926999999999
3002.9858, 1852.2563400000004, 121.22476999999999
3002.9779599999997, 1852.25602, 121.23987
3002.9749500000003, 1852.2598699999999, 121.25446
3002.97424, 1852.2663799999998, 121.26894999999999
3002.97375, 1852.27369, 121.2841
3002.9724699999997, 1852.28015, 121.30053000000001
3002.9704500000003, 1852.2858900000003, 121.31778
3002.9681, 1852.29417, 121.33465999999999
3002.96547, 1852.3100900000002, 121.35007
3002.96229, 1852.3364100000003, 121.36359
3002.9585199999997, 1852.37025, 121.37514999999999
3002.9542599999995, 1852.4041300000001, 121.38453999999999
3002.9494700000005, 1852.4317800000001, 121.3915
3002.9435499999995, 1852.4528100000002, 121.39663
3002.93613, 1852.47153, 121.40144000000001
3002.92771, 1852.4920400000003, 121.40747000000002
3002.91898, 1852.5146999999997, 121.41531
3002.90996, 1852.5370199999998, 121.4241
3002.89987, 1852.5559500000004, 121.43203000000001
3002.88788, 1852.5702599999997, 121.43726999999998
3002.8740900000003, 1852.58067, 121.43916000000002
3002.85976, 1852.5891, 121.43888999999999
3002.84662, 1852.5975300000002, 121.43883000000001
3002.8363400000003, 1852.6072299999996, 121.44134000000001
3002.83021, 1852.6184099999998, 121.44774
3002.82902, 1852.6305100000002, 121.45796
3002.83302, 1852.64224, 121.47111
3002.8422, 1852.6518600000004, 121.48638000000001
3002.8565, 1852.6572, 121.50377
3002.87549, 1852.6564999999998, 121.52411
3002.8977, 1852.64936, 121.54807000000001
3002.92062, 1852.6370700000002, 121.57527999999999
3002.94187, 1852.62186, 121.60409
3002.96025, 1852.60565, 121.63251
3002.9759599999998, 1852.58916, 121.65932000000001
3002.98995, 1852.5717, 121.68408
3003.00364, 1852.5519199999999, 121.70649999999998
3003.01899, 1852.5291300000001, 121.72583
3003.0380200000004, 1852.5048600000002, 121.74159
3003.06139, 1852.4829699999998, 121.75452
3003.08757, 1852.46698, 121.76644000000002
3003.11355, 1852.45739, 121.7793
3003.13625, 1852.45192, 121.79370000000002
3003.1536800000003, 1852.4485800000002, 121.80849
3003.1647700000003, 1852.4483599999999, 121.82194
3003.1685899999998, 1852.45464, 121.83342
3003.16418, 1852.4709500000001, 121.84366
3003.1519, 1852.49797, 121.85349999999998
3003.13472, 1852.53259, 121.86263
3003.11795, 1852.56852, 121.8702
3003.10673, 1852.5990599999998, 121.87602000000001
3003.1036099999997, 1852.61998, 121.88083999999999
3003.10818, 1852.63086, 121.88569
3003.11851, 1852.6347700000001, 121.89067
3003.13268, 1852.6367500000001, 121.89519
3003.1493, 1852.64144, 121.89858
3003.16712, 1852.65062, 121.90086000000001
3003.18425, 1852.66182, 121.90271000000003
3003.1984, 1852.6692099999996, 121.90478
3003.20799, 1852.6667999999997, 121.90702000000002
3003.21307, 1852.65239, 121.90863000000002
3003.21555, 1852.6294699999994, 121.90879
3003.21773, 1852.6045399999998, 121.90745999999999
3003.22109, 1852.58226, 121.90554
3003.22584, 1852.56295, 121.90443
3003.23081, 1852.54437, 121.90498
3003.23419, 1852.5254300000001, 121.90698
3003.23436, 1852.5077599999997, 121.90916
3003.2309700000005, 1852.4945200000002, 121.91000000000001
3003.2251600000004, 1852.48835, 121.9085
3003.21872, 1852.49012, 121.90399
3003.21273, 1852.49856, 121.89635000000001
3003.20645, 1852.51018, 121.88612999999998
3003.19748, 1852.5194199999999, 121.87494999999998
3003.18327, 1852.5208400000004, 121.86513
3003.1633500000003, 1852.5126599999999, 121.85843
3003.1396799999998, 1852.49801, 121.85528000000002
3003.11512, 1852.4820600000003, 121.85514
3003.0913200000005, 1852.4683, 121.85685000000001
3003.06887, 1852.4571, 121.85904000000001
3003.04817, 1852.44753, 121.86001000000002
3003.03018, 1852.4393099999998, 121.85837999999998
3003.01575, 1852.4332899999997, 121.85396999999998
3003.00507, 1852.4305100000001, 121.84786
3002.99749, 1852.4315400000003, 121.84136000000001
3002.9920500000003, 1852.43609, 121.83486
3002.9876400000003, 1852.44326, 121.82782999999999
3002.9833399999998, 1852.4514800000002, 121.81939
3002.9784499999996, 1852.4590799999999, 121.80933
3002.9728499999997, 1852.4649700000002, 121.7981
3002.96717, 1852.4697099999998, 121.78618000000002
3002.9628000000002, 1852.47482, 121.77408
3002.96129, 1852.48183, 121.76217999999999
3002.9638, 1852.4909, 121.75077999999999
3002.97039, 1852.50052, 121.74001000000001
3002.9794, 1852.5085099999997, 121.72962000000003
3002.98789, 1852.5132700000001, 121.71934999999999
3002.99276, 1852.5147700000002, 121.70918999999999
3002.99272, 1852.5138499999998, 121.69935000000001
3002.98861, 1852.5114999999998, 121.69004
3002.98272, 1852.5080700000003, 121.68121000000001
3002.9773100000007, 1852.5038099999997, 121.67241999999999
3002.97374, 1852.49942, 121.66282000000001
3002.9721, 1852.4952099999998, 121.65152
3002.97173, 1852.4903399999998, 121.63820000000001
3002.97177, 1852.4835900000003, 121.62336
3002.97186, 1852.4746900000002, 121.60842
3002.9726600000004, 1852.46496, 121.59484
3002.97607, 1852.45618, 121.58339000000001
3002.9859100000003, 1852.4503500000003, 121.5737
3003.00735, 1852.4498500000002, 121.56481000000001
3003.0442199999998, 1852.45728, 121.55606
3003.09504, 1852.4732399999998, 121.54760999999999
3003.1516, 1852.4942800000001, 121.53991
3003.20337, 1852.51414, 121.53318000000002
3003.2448799999997, 1852.5273300000001, 121.52774000000002
3003.27815, 1852.5313499999997, 121.52473
3003.30885, 1852.5264200000001, 121.52575000000002
3003.34084, 1852.51469, 121.53158
3003.37417, 1852.49945, 121.54142999999999
3003.4071900000004, 1852.48423, 121.55362
3003.43925, 1852.4720300000001, 121.56649999999999
3003.47101, 1852.4638599999998, 121.57872
3003.5032999999994, 1852.459, 121.58909999999999
3003.5353099999998, 1852.4555400000002, 121.59656
3003.56513, 1852.45163, 121.60046
3003.5911399999995, 1852.44674, 121.60073999999997
3003.6134199999997, 1852.44206, 121.59781000000002
3003.6332799999996, 1852.43953, 121.59215000000002
3003.65221, 1852.4401000000003, 121.5845
3003.6711999999998, 1852.4427500000002, 121.57616
3003.6905, 1852.4454299999998, 121.56902
3003.70954, 1852.44623, 121.56517999999998
3003.72712, 1852.44431, 121.56571
3003.7417699999996, 1852.43946, 121.56992
3003.75238, 1852.4320399999997, 121.57565
3003.7588499999997, 1852.4227700000004, 121.58034
3003.76216, 1852.4125800000002, 121.58201
3003.7641799999997, 1852.40253, 121.57963000000002
3003.7667699999997, 1852.3935399999998, 121.57342000000001
3003.7707100000002, 1852.38616, 121.56469000000001
3003.77569, 1852.38002, 121.55553
3003.78122, 1852.37408, 121.54764
3003.7876800000004, 1852.3675300000002, 121.54173999999998
3003.7959400000004, 1852.3605900000002, 121.5373
3003.80615, 1852.3541999999998, 121.53338
3003.81705, 1852.3492099999999, 121.52923000000001
3003.82685, 1852.3455399999998, 121.5246
3003.8345200000003, 1852.3423199999997, 121.51955000000001
3003.84062, 1852.33898, 121.51424000000002
3003.8470500000003, 1852.33592, 121.50933
3003.85599, 1852.3344699999998, 121.50567000000001
3003.86842, 1852.33602, 121.50362000000003
3003.88325, 1852.3412299999995, 121.50235
3003.89813, 1852.3497899999998, 121.50017
3003.9108499999993, 1852.3607600000003, 121.49560000000001
3003.91975, 1852.3734, 121.48796999999999
3003.92282, 1852.38762, 121.47699000000003
3003.9133899999997, 1852.40414, 121.46285
3003.87526, 1852.4244800000001, 121.44649999999999
3003.7844699999996, 1852.4510400000004, 121.42943
3003.623, 1852.4870099999996, 121.41265000000001
3003.39506, 1852.5344, 121.39580000000001
3003.1301200000003, 1852.59233, 121.37801999999999
3002.8660699999996, 1852.6562399999998, 121.35899000000002
3002.62959, 1852.71971, 121.33980000000001
3002.43055, 1852.7768700000001, 121.32208
3002.2681999999995, 1852.82464, 121.30717999999997
3002.13739, 1852.86319, 121.29543000000001
3002.03136, 1852.89482, 121.28630000000001
3001.94241, 1852.92238, 121.27885999999998
3001.86436, 1852.9476300000001, 121.27227
3001.7942599999997, 1852.9707299999998, 121.26624
3001.73161, 1852.9911200000001, 121.26087
3001.67637, 1853.00902, 121.25652
3001.62747, 1853.0261500000001, 121.25322000000001
3001.58317, 1853.0449700000001, 121.25056
3001.54264, 1853.0676200000003, 121.24784
3001.50592, 1853.09517, 121.24476999999999
3001.47344, 1853.1277699999998, 121.24161
3001.44506, 1853.1648400000001, 121.23883000000001
3001.4204299999997, 1853.20473, 121.23656000000001
3001.39883, 1853.24509, 121.23443
3001.37869, 1853.2836200000002, 121.23154000000002
3001.3581, 1853.31872, 121.22644
3001.3359200000004, 1853.34928, 121.21779999999998
3001.3129, 1853.37437, 121.20498
3001.2901899999997, 1853.3933399999999, 121.18887000000002
3001.26785, 1853.40674, 121.17166999999999
3001.2446800000002, 1853.41682, 121.15601999999998
3001.21985, 1853.42661, 121.14363
3001.19368, 1853.43793, 121.13444
3001.16692, 1853.45029, 121.12698999999998
3001.13993, 1853.46152, 121.11947999999998
3001.1129200000005, 1853.46963, 121.11097
3001.0865999999996, 1853.4742, 121.10145
3001.0616999999997, 1853.4759199999996, 121.09142
3001.0380899999996, 1853.4755499999999, 121.08138
3001.0146099999997, 1853.4734200000003, 121.07141000000001
3000.99046, 1853.4697500000002, 121.06174000000001
3000.9661600000004, 1853.4650399999998, 121.05265999999999
3000.94341, 1853.4594000000002, 121.04463000000001
3000.9236300000002, 1853.4517199999998, 121.03817
3000.9070399999996, 1853.4406099999997, 121.03454000000002
3000.8928199999996, 1853.4261599999998, 121.03506000000002
3000.88019, 1853.4102599999999, 121.04051
3000.8693499999995, 1853.3950500000003, 121.04987999999999
3000.86131, 1853.3813500000003, 121.06093999999999
3000.85743, 1853.369, 121.07156
3000.85847, 1853.3580699999998, 121.08087
3000.86384, 1853.34927, 121.08956999999998
3000.8716, 1853.3427099999997, 121.09891999999999
3000.87888, 1853.33747, 121.10952999999999
3000.8826799999997, 1853.3318900000002, 121.12111
3000.88063, 1853.3248099999996, 121.13289
3000.87203, 1853.31648, 121.14424
3000.8577999999998, 1853.3085899999999, 121.15471
3000.8402499999997, 1853.3033500000001, 121.16346000000001
3000.82189, 1853.30184, 121.16956000000002
3000.80447, 1853.3025499999999, 121.17301
3000.7885499999998, 1853.3018399999996, 121.17546
3000.7738899999995, 1853.2958699999995, 121.17912999999999
3000.76018, 1853.28288, 121.18542
3000.74759, 1853.2643, 121.19417000000001
3000.73681, 1853.24379, 121.20409
3000.7288399999998, 1853.2249199999999, 121.21388000000002
3000.72439, 1853.2093099999997, 121.22254000000001
3000.72316, 1853.19595, 121.22941
3000.72414, 1853.1820400000001, 121.23415
3000.7261399999998, 1853.16434, 121.23711
3000.7287699999997, 1853.1408499999998, 121.23931
3000.7320099999997, 1853.11197, 121.24226999999999
3000.73568, 1853.0805399999997, 121.24679
3000.73891, 1853.0507499999999, 121.25281
3000.74029, 1853.02644, 121.25953999999999
3000.7387799999997, 1853.0102200000001, 121.26579
3000.7348599999996, 1853.00262, 121.27017000000001
3000.73056, 1853.00209, 121.27154
3000.72787, 1853.0056699999998, 121.26961999999999
3000.72731, 1853.0103299999998, 121.26519
3000.72759, 1853.01447, 121.25972999999999
3000.7267599999996, 1853.0176800000002, 121.25479
3000.7237999999998, 1853.0201700000002, 121.25148000000002
3000.719, 1853.0220800000002, 121.25017
3000.7138800000002, 1853.0233, 121.25023999999999
3000.70978, 1853.02316, 121.25054999999998
3000.70722, 1853.02071, 121.25001
3000.7057, 1853.0155499999996, 121.24809
3000.7040399999996, 1853.0082899999998, 121.24496000000002
3000.7010999999998, 1853.0004199999998, 121.24136999999999
3000.6959799999995, 1852.99304, 121.23821000000002
3000.6884299999997, 1852.9860099999999, 121.23643999999999
3000.67911, 1852.9779800000001, 121.2367
3000.6694300000004, 1852.9668299999998, 121.23913
3000.6607900000004, 1852.95108, 121.24324000000001
3000.6537399999997, 1852.9308, 121.24792
3000.6476399999997, 1852.9085200000002, 121.25175999999999
3000.64146, 1852.88841, 121.25369
3000.6346700000004, 1852.8745300000003, 121.25312
3000.6273499999998, 1852.8691099999996, 121.25018000000003
3000.61973, 1852.87157, 121.24598
3000.6114900000002, 1852.8791099999999, 121.24206999999998
3000.60139, 1852.88878, 121.23933
3000.5879700000005, 1852.8991299999998, 121.23713000000001
3000.57086, 1852.9106399999996, 121.23382000000001
3000.55113, 1852.92444, 121.22825
3000.53057, 1852.9409899999998, 121.22057
3000.5101400000003, 1852.9598300000002, 121.21178
3000.48988, 1852.9800499999997, 121.20297000000001
3000.47016, 1853.00092, 121.19485
3000.45187, 1853.0217399999997, 121.18778
3000.43602, 1853.0418399999999, 121.18181
3000.42276, 1853.06029, 121.17681999999999
3000.41132, 1853.0759499999997, 121.17296000000002
3000.40096, 1853.08802, 121.17044000000001
3000.39156, 1853.0967100000003, 121.16949
3000.38384, 1853.10359, 121.16956
3000.3788, 1853.1108, 121.16965000000002
3000.3769299999994, 1853.11983, 121.16900000000001
3000.3782, 1853.13136, 121.16762000000001
3000.38266, 1853.1454899999997, 121.16564000000001
3000.3908, 1853.1621899999998, 121.1629
3000.4031700000005, 1853.18119, 121.15912
3000.41896, 1853.2015299999998, 121.15443
3000.4356199999997, 1853.2217, 121.15018
3000.4492400000004, 1853.2403299999999, 121.14813000000001
3000.4567300000003, 1853.25675, 121.14922000000001
3000.4576800000004, 1853.2712, 121.15288000000001
3000.45432, 1853.28423, 121.15766
3000.4497499999998, 1853.2963600000003, 121.16229000000001
3000.44614, 1853.30792, 121.16644000000001
3000.44402, 1853.31914, 121.17009999999998
3000.44296, 1853.3299, 121.17298999999998
3000.44186, 1853.3396900000002, 121.17506999999998
3000.43945, 1853.3482, 121.17671
3000.4349700000002, 1853.35576, 121.17887
3000.42877, 1853.36343, 121.18228000000002
3000.4221100000004, 1853.3725000000002, 121.18667
3000.41633, 1853.3836299999998, 121.19089
3000.41219, 1853.3963000000003, 121.19375000000002
3000.4097199999997, 1853.4085899999998, 121.19466
3000.40858, 1853.4185700000003, 121.19431000000002
3000.40802, 1853.4254400000002, 121.19323000000001
3000.40727, 1853.4298800000001, 121.19115000000002
3000.4055, 1853.4330700000003, 121.18701000000001
3000.4023899999997, 1853.4356000000002, 121.18008999999999
3000.3978199999997, 1853.4372899999998, 121.17097000000001
3000.39214, 1853.4377, 121.16143
3000.38574, 1853.43642, 121.15310000000002
3000.3786600000003, 1853.43371, 121.14684
3000.37009, 1853.43076, 121.14277
3000.35863, 1853.4292, 121.14083000000001
3000.34238, 1853.4301200000002, 121.14043
3000.31956, 1853.43325, 121.14026000000001
3000.2894100000003, 1853.43704, 121.13882000000001
3000.25371, 1853.4387900000002, 121.13544000000002
3000.21738, 1853.4347400000001, 121.13082
3000.1858799999995, 1853.4212200000002, 121.12672
3000.1617199999996, 1853.3973099999998, 121.12497
3000.14414, 1853.36672, 121.12659000000001
3000.1315499999996, 1853.3365700000002, 121.13143
3000.1229699999994, 1853.31387, 121.13835000000002
3000.1170300000003, 1853.3022400000002, 121.14549
3000.11172, 1853.30125, 121.15044
3000.10487, 1853.30815, 121.14993999999999
3000.09581, 1853.31961, 121.14111
3000.0848899999996, 1853.3329400000002, 121.12370000000001
3000.0728499999996, 1853.3462100000002, 121.10101999999999
3000.0605499999997, 1853.3576200000002, 121.07816
3000.0486599999995, 1853.3654999999999, 121.05896
3000.03718, 1853.3685900000005, 121.0441
3000.02539, 1853.3668699999998, 121.03123000000001
3000.01282, 1853.36171, 121.01656
3000.00047, 1853.35553, 120.99686999999999
2999.9904699999997, 1853.3505099999998, 120.97189
2999.98477, 1853.3479, 120.94478
2999.98377, 1853.348, 120.91982
2999.98653, 1853.3505, 120.89916000000001
2999.99192, 1853.3549200000002, 120.88154
2999.9995200000003, 1853.3606499999999, 120.86379
3000.00956, 1853.3670200000001, 120.84294
3000.02228, 1853.37337, 120.81757
3000.03708, 1853.3789199999999, 120.78794
3000.0524499999997, 1853.3828099999998, 120.75577000000001
3000.06668, 1853.3847099999998, 120.72375000000002
3000.0786799999996, 1853.3854300000003, 120.69417999999999
3000.0883499999995, 1853.3868300000001, 120.66799
3000.09626, 1853.3908300000003, 120.64449000000002
3000.1030299999998, 1853.3982200000003, 120.62213
3000.1092399999998, 1853.4084100000005, 120.59947
3000.1156100000003, 1853.4201099999998, 120.57533000000001
3000.1229800000006, 1853.4322800000002, 120.54891
3000.1321199999998, 1853.44555, 120.51975999999999
3000.14348, 1853.4621, 120.48853
3000.1569499999996, 1853.48389, 120.45676999999998
3000.1722700000005, 1853.5102900000002, 120.42618
3000.18875, 1853.5380300000002, 120.3979
3000.20533, 1853.5631600000002, 120.37207999999998
3000.2205, 1853.5834200000002, 120.34789
3000.2329400000003, 1853.5986, 120.32443
3000.24233, 1853.6093800000003, 120.30154999999999
3000.24914, 1853.6167099999998, 120.28076000000001
3000.2545099999998, 1853.62196, 120.2644
3000.25988, 1853.6263700000004, 120.25371
3000.2661300000004, 1853.6304799999998, 120.24761999999998
3000.27277, 1853.6336, 120.24347
3000.27783, 1853.63424, 120.23888
3000.27933, 1853.6307800000002, 120.23305
3000.27689, 1853.6223300000001, 120.2269
3000.27222, 1853.60945, 120.22165999999997
3000.26796, 1853.5944, 120.21804
3000.26625, 1853.58038, 120.21594
3000.2674899999997, 1853.5699999999997, 120.21453000000001
3000.27099, 1853.5642500000001, 120.21297
3000.2754499999996, 1853.5622900000003, 120.21068
3000.27994, 1853.56233, 120.20817
3000.2839699999995, 1853.56313, 120.20739
3000.2867800000004, 1853.5650099999998, 120.21083000000002
3000.2872900000007, 1853.5692299999998, 120.21999000000001
3000.2845500000003, 1853.5766799999997, 120.23427000000001
3000.27893, 1853.5867500000004, 120.25078
3000.2727800000002, 1853.59783, 120.26522000000003
3000.26913, 1853.60884, 120.27365
3000.26972, 1853.62042, 120.2742
3000.2738799999997, 1853.63373, 120.26761000000002
3000.27974, 1853.64917, 120.25635
3000.28581, 1853.6652400000003, 120.24300000000001
3000.29199, 1853.67963, 120.22920000000002
3000.29877, 1853.6904399999999, 120.21527
3000.3061000000002, 1853.69729, 120.20035
3000.31365, 1853.7008700000001, 120.18332000000001
3000.3208999999997, 1853.7025700000002, 120.16423
3000.32733, 1853.7041800000002, 120.14465
3000.33264, 1853.70792, 120.12645
3000.3368400000004, 1853.71613, 120.11000000000001
3000.3406000000004, 1853.73024, 120.09400000000001
3000.345, 1853.7494000000002, 120.07656
3000.3509000000004, 1853.77033, 120.05663000000001
3000.35836, 1853.78888, 120.03437999999998
3000.3669600000003, 1853.80244, 120.01075999999998
3000.3764199999996, 1853.81099, 119.98661
3000.3867899999996, 1853.8166700000002, 119.96216
3000.39825, 1853.8222, 119.93724999999999
3000.4110200000005, 1853.82955, 119.91166000000001
3000.42459, 1853.8394899999998, 119.88557999999998
3000.43741, 1853.8520400000002, 119.85934
3000.44752, 1853.8667699999999, 119.83324999999999
3000.4543599999997, 1853.8827800000004, 119.80731
3000.4597299999996, 1853.8998299999998, 119.78034
3000.4666499999994, 1853.9189100000003, 119.74938000000002
3000.47738, 1853.9415400000003, 119.71005000000002
3000.4922699999997, 1853.96786, 119.65894999999998
3000.51007, 1853.9953400000002, 119.59627
3000.5289, 1854.0203000000001, 119.52627
3000.54681, 1854.0400699999998, 119.45535
3000.56276, 1854.0544300000001, 119.38891000000001
3000.57672, 1854.06512, 119.33035
3000.5893600000004, 1854.0747199999998, 119.28185
3000.60142, 1854.0855999999999, 119.24495999999999
3000.6133999999997, 1854.0991399999998, 119.21992
3000.62545, 1854.11525, 119.20395
3000.63748, 1854.1321899999998, 119.19158
3000.6490299999996, 1854.1475699999999, 119.17756
3000.65949, 1854.15904, 119.15969
3000.6685399999997, 1854.1647100000002, 119.13869
3000.67653, 1854.1636700000004, 119.11641
3000.68367, 1854.15611, 119.09431000000002
3000.6892900000003, 1854.14369, 119.07326
3000.69216, 1854.12903, 119.05373999999999
3000.69253, 1854.1154099999999, 119.03585000000001
3000.69277, 1854.10592, 119.01956
3000.69581, 1854.10301, 119.00504999999998
3000.7027399999997, 1854.1074699999997, 118.99269999999999
3000.7123600000004, 1854.1179600000003, 118.98310000000001
3000.7228800000003, 1854.13112, 118.97678999999998
3000.73311, 1854.1422900000002, 118.97425000000001
3000.74265, 1854.14727, 118.97644
3000.7510200000006, 1854.1442300000003, 118.98409999999998
3000.7574700000005, 1854.1344400000003, 118.99687000000002
3000.76116, 1854.1211400000004, 119.01249
3000.7618300000004, 1854.10727, 119.02788000000001
3000.76029, 1854.0944299999999, 119.04081999999998
3000.7576400000007, 1854.0832000000003, 119.05046000000002
3000.75367, 1854.0736000000002, 119.05666999999998
3000.7468400000002, 1854.06512, 119.05928999999999
3000.73637, 1854.0564599999998, 119.05885999999998
3000.72366, 1854.04606, 119.05708999999999
3000.71137, 1854.03321, 119.05648
3000.7011700000003, 1854.01843, 119.05921999999998
3000.69291, 1854.0024099999998, 119.06617000000001
3000.68535, 1853.9856599999998, 119.07650999999998
3000.6769799999997, 1853.96861, 119.08831
3000.6655299999998, 1853.9519800000003, 119.09945999999998
3000.6481799999997, 1853.93644, 119.10895999999998
3000.62244, 1853.92228, 119.11673999999998
3000.58759, 1853.9097299999999, 119.12276
3000.54526, 1853.89953, 119.12658000000002
3000.4986400000003, 1853.8928700000001, 119.12832
3000.45131, 1853.8899399999998, 119.12929
3000.4058, 1853.8888099999997, 119.13178
3000.3624800000002, 1853.88566, 119.13753
3000.31944, 1853.8773700000002, 119.1466
3000.27279, 1853.86394, 119.15709
3000.21857, 1853.8491099999999, 119.16567
3000.1546399999997, 1853.83818, 119.16911
3000.0817799999995, 1853.8352000000002, 119.16605000000001
3000.00332, 1853.8414099999998, 119.15771000000002
2999.92278, 1853.8554100000001, 119.14694000000001
2999.84109, 1853.8733699999998, 119.13663999999999
2999.75635, 1853.8901, 119.12865000000002
2999.66586, 1853.90083, 119.12386
2999.5690600000003, 1853.90344, 119.12255
2999.4684500000003, 1853.8993500000001, 119.12411999999999
2999.36777, 1853.8924499999998, 119.12719999999999
2999.2694899999997, 1853.8864700000001, 119.12998000000002
2999.1739399999997, 1853.8824899999995, 119.13108
2999.08033, 1853.8783900000003, 119.12982000000002
2998.98764, 1853.8706699999998, 119.12611999999999
2998.89504, 1853.8570599999998, 119.12033000000001
2998.8022, 1853.8375899999999, 119.11327000000001
2998.7094600000005, 1853.81394, 119.10639999999998
2998.61769, 1853.78807, 119.10140999999999
2998.5276099999996, 1853.76217, 119.09985000000002
2998.4391700000006, 1853.73877, 119.10227
2998.3521600000004, 1853.72007, 119.10775999999998
2998.2674700000002, 1853.7059299999996, 119.11386999999999
2998.18658, 1853.6933299999996, 119.11780000000002
2998.1119, 1853.6778399999998, 119.11782000000001
2998.04509, 1853.6563400000002, 119.11392000000001
2997.98745, 1853.62963, 119.10754
